# lambda[um]  lamI_lam_total  lamI_lam_astrodust  lamI_lam_pah
  9.12000E-002   1.08166E-056   1.08046E-056   1.20101E-059
  9.22600E-002   2.51355E-056   2.51031E-056   3.23422E-059
  9.33200E-002   5.72407E-056   5.71555E-056   8.52184E-059
  9.44100E-002   1.30812E-055   1.30586E-055   2.25729E-058
  9.55000E-002   2.93175E-055   2.92590E-055   5.84938E-058
  9.66100E-002   6.53631E-055   6.52122E-055   1.50890E-057
  9.77200E-002   1.43026E-054   1.42645E-054   3.80932E-057
  9.88600E-002   3.13711E-054   3.12746E-054   9.64898E-057
  1.00000E-001   6.75250E-054   6.72857E-054   2.39290E-056
  1.01200E-001   1.48375E-053   1.47774E-053   6.01055E-056
  1.02300E-001   3.00087E-053   2.98710E-053   1.37663E-055
  1.03500E-001   6.35580E-053   6.32252E-053   3.32777E-055
  1.04700E-001   1.32147E-052   1.31359E-052   7.87299E-055
  1.05900E-001   2.69902E-052   2.68078E-052   1.82435E-054
  1.07200E-001   5.73733E-052   5.69300E-052   4.43252E-054
  1.08400E-001   1.13108E-051   1.12123E-051   9.85670E-054
  1.09700E-001   2.31659E-051   2.29365E-051   2.29343E-053
  1.10900E-001   4.41820E-051   4.36914E-051   4.90629E-053
  1.12200E-001   8.74491E-051   8.63528E-051   1.09630E-052
  1.13500E-001   1.70325E-050   1.67923E-050   2.40170E-052
  1.14800E-001   3.26679E-050   3.21516E-050   5.16290E-052
  1.16100E-001   6.16054E-050   6.05154E-050   1.08990E-051
  1.17500E-001   1.19729E-049   1.17340E-049   2.38985E-051
  1.18900E-001   2.28667E-049   2.23527E-049   5.13934E-051
  1.20200E-001   4.10886E-049   4.00596E-049   1.02899E-050
  1.21600E-001   7.60365E-049   7.39007E-049   2.13580E-050
  1.23000E-001   1.38585E-048   1.34228E-048   4.35690E-050
  1.24400E-001   2.49070E-048   2.40329E-048   8.74090E-050
  1.25900E-001   4.59925E-048   4.41819E-048   1.81058E-049
  1.27400E-001   8.35910E-048   7.99060E-048   3.68494E-049
  1.28800E-001   1.43995E-047   1.36951E-047   7.04446E-049
  1.30300E-001   2.54089E-047   2.40385E-047   1.37047E-048
  1.31800E-001   4.43065E-047   4.16327E-047   2.67383E-048
  1.33300E-001   7.62006E-047   7.10568E-047   5.14385E-048
  1.34900E-001   1.33801E-046   1.23617E-046   1.01841E-047
  1.36500E-001   2.31489E-046   2.11621E-046   1.98681E-047
  1.38000E-001   3.81556E-046   3.44855E-046   3.67007E-047
  1.39600E-001   6.38020E-046   5.68318E-046   6.97023E-047
  1.41200E-001   1.05329E-045   9.22623E-046   1.30664E-046
  1.42900E-001   1.77013E-045   1.51885E-045   2.51285E-046
  1.44500E-001   2.84963E-045   2.39033E-045   4.59292E-046
  1.46200E-001   4.66629E-045   3.80551E-045   8.60776E-046
  1.47900E-001   7.55544E-045   5.96229E-045   1.59315E-045
  1.49600E-001   1.21302E-044   9.21676E-045   2.91344E-045
  1.51400E-001   1.98491E-044   1.43976E-044   5.45142E-045
  1.53100E-001   3.13547E-044   2.16152E-044   9.73955E-045
  1.54900E-001   5.04994E-044   3.27024E-044   1.77970E-044
  1.56700E-001   8.11692E-044   4.90204E-044   3.21488E-044
  1.58500E-001   1.30085E-043   7.26485E-044   5.74366E-044
  1.60300E-001   2.07944E-043   1.06412E-043   1.01532E-043
  1.62200E-001   3.40549E-043   1.57338E-043   1.83211E-043
  1.64100E-001   5.56735E-043   2.29725E-043   3.27010E-043
  1.66000E-001   9.11647E-043   3.34061E-043   5.77585E-043
  1.67900E-001   1.49707E-042   4.87119E-043   1.00995E-042
  1.69800E-001   2.45415E-042   7.05146E-043   1.74901E-042
  1.71800E-001   4.11842E-042   1.03348E-042   3.08495E-042
  1.73800E-001   6.88985E-042   1.50578E-042   5.38407E-042
  1.75800E-001   1.14878E-041   2.18450E-042   9.30335E-042
  1.77800E-001   1.90561E-041   3.13123E-042   1.59249E-041
  1.79900E-001   3.22041E-041   4.46807E-042   2.77360E-041
  1.82000E-001   5.41878E-041   6.32297E-042   4.78648E-041
  1.84100E-001   9.07738E-041   8.88394E-042   8.18898E-041
  1.86200E-001   1.51362E-040   1.24033E-041   1.38959E-040
  1.88400E-001   2.57306E-040   1.75039E-041   2.39803E-040
  1.90500E-001   4.24823E-040   2.42232E-041   4.00600E-040
  1.92800E-001   7.32224E-040   3.53807E-041   6.96843E-040
  1.95000E-001   1.22439E-039   5.08132E-041   1.17357E-039
  1.97200E-001   2.03271E-039   7.27713E-041   1.95994E-039
  1.99500E-001   3.42413E-039   1.05659E-040   3.31848E-039
  2.01800E-001   5.71122E-039   1.53031E-040   5.55819E-039
  2.04200E-001   9.62113E-039   2.24625E-040   9.39651E-039
  2.06500E-001   1.56418E-038   3.23655E-040   1.53182E-038
  2.08900E-001   2.55297E-038   4.62343E-040   2.50674E-038
  2.11300E-001   4.08546E-038   6.54521E-040   4.02001E-038
  2.13800E-001   6.51332E-038   9.32486E-040   6.42008E-038
  2.16300E-001   1.01223E-037   1.31780E-039   9.99052E-038
  2.18800E-001   1.53262E-037   1.84792E-039   1.51415E-037
  2.21300E-001   2.26263E-037   2.57188E-039   2.23691E-037
  2.23900E-001   3.31021E-037   3.59974E-039   3.27422E-037
  2.26500E-001   4.73748E-037   5.00029E-039   4.68748E-037
  2.29100E-001   6.65651E-037   6.89669E-039   6.58754E-037
  2.31700E-001   9.21427E-037   9.44679E-039   9.11980E-037
  2.34400E-001   1.27548E-036   1.30000E-038   1.26248E-036
  2.37100E-001   1.74802E-036   1.77599E-038   1.73026E-036
  2.39900E-001   2.40377E-036   2.43476E-038   2.37942E-036
  2.42700E-001   3.28337E-036   3.31273E-038   3.25024E-036
  2.45500E-001   4.46003E-036   4.47614E-038   4.41526E-036
  2.48300E-001   6.02953E-036   6.00623E-038   5.96947E-036
  2.51200E-001   8.20245E-036   8.09144E-038   8.12153E-036
  2.54100E-001   1.11106E-035   1.08238E-037   1.10024E-035
  2.57000E-001   1.49878E-035   1.43792E-037   1.48440E-035
  2.60000E-001   2.03405E-035   1.91571E-037   2.01489E-035
  2.63000E-001   2.74852E-035   2.53454E-037   2.72317E-035
  2.66100E-001   3.73428E-035   3.36142E-037   3.70067E-035
  2.69100E-001   5.00128E-035   4.38820E-037   4.95740E-035
  2.72300E-001   6.79677E-035   5.79260E-037   6.73884E-035
  2.75400E-001   9.10459E-035   7.53073E-037   9.02929E-035
  2.78600E-001   1.22503E-034   9.80923E-037   1.21522E-034
  2.81800E-001   1.63993E-034   1.26981E-036   1.62723E-034
  2.85100E-001   2.20373E-034   1.64612E-036   2.18727E-034
  2.88400E-001   2.94549E-034   2.12071E-036   2.92428E-034
  2.91700E-001   3.91605E-034   2.71582E-036   3.88889E-034
  2.95100E-001   5.22263E-034   3.48208E-036   5.18781E-034
  2.98500E-001   6.92681E-034   4.43893E-036   6.88242E-034
  3.02000E-001   9.21114E-034   5.66390E-036   9.15450E-034
  3.05500E-001   1.17494E-033   7.18474E-036   1.16776E-033
  3.09000E-001   1.52601E-033   9.06195E-036   1.51694E-033
  3.12600E-001   1.98314E-033   1.14385E-035   1.97171E-033
  3.16200E-001   2.55987E-033   1.43572E-035   2.54551E-033
  3.19900E-001   3.30525E-033   1.80365E-035   3.28722E-033
  3.23600E-001   4.23919E-033   2.25312E-035   4.21666E-033
  3.27300E-001   5.40184E-033   2.79910E-035   5.37384E-033
  3.31100E-001   6.88325E-033   3.47990E-035   6.84845E-033
  3.35000E-001   8.76781E-033   4.32737E-035   8.72454E-033
  3.38800E-001   1.10285E-032   5.32364E-035   1.09753E-032
  3.42800E-001   1.39475E-032   6.58674E-035   1.38816E-032
  3.46700E-001   1.74230E-032   8.06519E-035   1.73423E-032
  3.50700E-001   2.17465E-032   9.87813E-035   2.16478E-032
  3.54800E-001   2.71086E-032   1.20985E-034   2.69876E-032
  3.58900E-001   3.35600E-032   1.47445E-034   3.34126E-032
  3.63100E-001   4.14614E-032   1.79695E-034   4.12817E-032
  3.67300E-001   5.08353E-032   2.17902E-034   5.06174E-032
  3.71500E-001   6.18310E-032   2.63062E-034   6.15679E-032
  3.75800E-001   7.48798E-032   3.17486E-034   7.45623E-032
  3.80200E-001   9.01368E-032   3.83125E-034   8.97536E-032
  3.84600E-001   1.07198E-031   4.60125E-034   1.06738E-031
  3.89100E-001   1.26180E-031   5.52438E-034   1.25628E-031
  3.93600E-001   1.46222E-031   6.60391E-034   1.45562E-031
  3.98100E-001   1.66993E-031   7.85891E-034   1.66207E-031
  4.02700E-001   1.89324E-031   9.34934E-034   1.88389E-031
  4.07400E-001   2.14561E-031   1.11158E-033   2.13450E-031
  4.12100E-001   2.43971E-031   1.31593E-033   2.42655E-031
  4.16900E-001   2.79948E-031   1.55710E-033   2.78391E-031
  4.21700E-001   3.23432E-031   1.83496E-033   3.21597E-031
  4.26600E-001   3.77056E-031   2.16104E-033   3.74895E-031
  4.31500E-001   4.41330E-031   2.53502E-033   4.38795E-031
  4.36500E-001   5.18684E-031   2.97096E-033   5.15713E-031
  4.41600E-001   6.09785E-031   3.48003E-033   6.06305E-031
  4.46700E-001   7.11955E-031   4.06037E-033   7.07894E-031
  4.51900E-001   8.24630E-031   4.73317E-033   8.19897E-031
  4.57100E-001   9.40959E-031   5.49749E-033   9.35461E-031
  4.62400E-001   1.05619E-030   6.37885E-033   1.04981E-030
  4.67700E-001   1.15985E-030   7.37610E-033   1.15247E-030
  4.73200E-001   1.24886E-030   8.54312E-033   1.24032E-030
  4.78600E-001   1.31770E-030   9.83368E-033   1.30786E-030
  4.84200E-001   1.37661E-030   1.13391E-032   1.36527E-030
  4.89800E-001   1.43177E-030   1.30279E-032   1.41874E-030
  4.95400E-001   1.48997E-030   1.49179E-032   1.47505E-030
  5.01200E-001   1.55883E-030   1.71049E-032   1.54173E-030
  5.07000E-001   1.64151E-030   1.95499E-032   1.62196E-030
  5.12900E-001   1.74449E-030   2.23189E-032   1.72217E-030
  5.18800E-001   1.86887E-030   2.53957E-032   1.84348E-030
  5.24800E-001   2.01700E-030   2.88649E-032   1.98813E-030
  5.30900E-001   2.18706E-030   3.27751E-032   2.15429E-030
  5.37000E-001   2.37155E-030   3.70964E-032   2.33445E-030
  5.43300E-001   2.56961E-030   4.20284E-032   2.52758E-030
  5.49500E-001   2.76344E-030   4.73781E-032   2.71606E-030
  5.55900E-001   2.95570E-030   5.34489E-032   2.90225E-030
  5.62300E-001   3.14062E-030   6.01224E-032   3.08050E-030
  5.68800E-001   3.33032E-030   6.75545E-032   3.26276E-030
  5.75400E-001   3.53867E-030   7.58189E-032   3.46285E-030
  5.82100E-001   3.77893E-030   8.49952E-032   3.69393E-030
  5.88800E-001   4.05860E-030   9.50124E-032   3.96359E-030
  5.95700E-001   4.39686E-030   1.06260E-031   4.29061E-030
  6.02600E-001   4.79174E-030   1.18498E-031   4.67324E-030
  6.09500E-001   5.24378E-030   1.31799E-031   5.11198E-030
  6.16600E-001   5.76379E-030   1.46635E-031   5.61716E-030
  6.23700E-001   6.33158E-030   1.62679E-031   6.16890E-030
  6.31000E-001   6.95159E-030   1.80566E-031   6.77103E-030
  6.38300E-001   7.59467E-030   1.99849E-031   7.39482E-030
  6.45700E-001   8.25404E-030   2.20928E-031   8.03311E-030
  6.53100E-001   8.90864E-030   2.43618E-031   8.66502E-030
  6.60700E-001   9.56893E-030   2.68720E-031   9.30021E-030
  6.68300E-001   1.02239E-029   2.95699E-031   9.92822E-030
  6.76100E-001   1.09144E-029   3.25378E-031   1.05890E-029
  6.83900E-001   1.16559E-029   3.57199E-031   1.12987E-029
  6.91800E-001   1.24878E-029   3.91639E-031   1.20962E-029
  6.99800E-001   1.34395E-029   4.28922E-031   1.30105E-029
  7.07900E-001   1.45369E-029   4.69160E-031   1.40677E-029
  7.16100E-001   1.57993E-029   5.12561E-031   1.52868E-029
  7.24400E-001   1.72396E-029   5.59446E-031   1.66802E-029
  7.32800E-001   1.88572E-029   6.09738E-031   1.82475E-029
  7.41300E-001   2.06533E-029   6.63757E-031   1.99895E-029
  7.49900E-001   2.26270E-029   7.21698E-031   2.19053E-029
  7.58600E-001   2.47858E-029   7.83819E-031   2.40020E-029
  7.67400E-001   2.71419E-029   8.50211E-031   2.62916E-029
  7.76300E-001   2.97248E-029   9.21206E-031   2.88036E-029
  7.85200E-001   3.25322E-029   9.96177E-031   3.15361E-029
  7.94300E-001   3.56498E-029   1.07684E-030   3.45730E-029
  8.03500E-001   3.90876E-029   1.16278E-030   3.79248E-029
  8.12800E-001   4.28704E-029   1.25400E-030   4.16164E-029
  8.22200E-001   4.70295E-029   1.35070E-030   4.56788E-029
  8.31800E-001   5.16491E-029   1.45430E-030   5.01948E-029
  8.41400E-001   5.66747E-029   1.56296E-030   5.51117E-029
  8.51100E-001   6.21928E-029   1.67771E-030   6.05151E-029
  8.61000E-001   6.83188E-029   1.80025E-030   6.65186E-029
  8.71000E-001   7.50626E-029   1.92940E-030   7.31332E-029
  8.81000E-001   8.24330E-029   2.06456E-030   8.03685E-029
  8.91300E-001   9.07592E-029   2.20930E-030   8.85499E-029
  9.01600E-001   9.99408E-029   2.36035E-030   9.75805E-029
  9.12000E-001   1.10246E-028   2.51938E-030   1.07726E-028
  9.22600E-001   1.22062E-028   2.68735E-030   1.19374E-028
  9.33300E-001   1.35680E-028   2.86404E-030   1.32816E-028
  9.44100E-001   1.51693E-028   3.04827E-030   1.48644E-028
  9.55000E-001   1.71028E-028   3.24160E-030   1.67787E-028
  9.66100E-001   1.95456E-028   3.44478E-030   1.92011E-028
  9.77200E-001   2.27151E-028   3.65356E-030   2.23498E-028
  9.88600E-001   2.71887E-028   3.86907E-030   2.68018E-028
  1.00000E+000   3.37580E-028   4.09626E-030   3.33484E-028
  1.01200E+000   4.46956E-028   4.36640E-030   4.42590E-028
  1.02300E+000   6.08794E-028   4.62383E-030   6.04170E-028
  1.03500E+000   8.72152E-028   4.91474E-030   8.67237E-028
  1.04700E+000   1.13092E-027   5.21769E-030   1.12570E-027
  1.05900E+000   1.15728E-027   5.53165E-030   1.15175E-027
  1.07100E+000   9.92081E-028   5.85632E-030   9.86225E-028
  1.08400E+000   8.17708E-028   6.22249E-030   8.11486E-028
  1.09700E+000   7.11230E-028   6.60126E-030   7.04629E-028
  1.10900E+000   6.60215E-028   6.96291E-030   6.53252E-028
  1.12200E+000   6.38511E-028   7.36828E-030   6.31142E-028
  1.13500E+000   6.40727E-028   7.78813E-030   6.32939E-028
  1.14800E+000   6.61153E-028   8.22068E-030   6.52932E-028
  1.16100E+000   6.97695E-028   8.66781E-030   6.89027E-028
  1.17500E+000   7.55430E-028   9.16395E-030   7.46266E-028
  1.18900E+000   8.34442E-028   9.67628E-030   8.24765E-028
  1.20200E+000   9.29596E-028   1.01633E-029   9.19433E-028
  1.21600E+000   1.05632E-027   1.07028E-029   1.04561E-027
  1.23000E+000   1.20233E-027   1.12548E-029   1.19107E-027
  1.24500E+000   1.35866E-027   1.18605E-029   1.34680E-027
  1.25900E+000   1.47243E-027   1.24366E-029   1.45999E-027
  1.27300E+000   1.53111E-027   1.30221E-029   1.51809E-027
  1.28800E+000   1.53372E-027   1.36627E-029   1.52005E-027
  1.30300E+000   1.49892E-027   1.43122E-029   1.48461E-027
  1.31800E+000   1.45320E-027   1.49737E-029   1.43823E-027
  1.33400E+000   1.41037E-027   1.56926E-029   1.39468E-027
  1.34900E+000   1.38217E-027   1.63729E-029   1.36580E-027
  1.36500E+000   1.36512E-027   1.71114E-029   1.34801E-027
  1.38000E+000   1.36045E-027   1.78113E-029   1.34264E-027
  1.39600E+000   1.36510E-027   1.85687E-029   1.34653E-027
  1.41300E+000   1.37900E-027   1.93846E-029   1.35961E-027
  1.42900E+000   1.39879E-027   2.01609E-029   1.37863E-027
  1.44500E+000   1.42381E-027   2.09435E-029   1.40286E-027
  1.46200E+000   1.45479E-027   2.17840E-029   1.43300E-027
  1.47900E+000   1.48972E-027   2.26333E-029   1.46709E-027
  1.49600E+000   1.52753E-027   2.34923E-029   1.50404E-027
  1.51400E+000   1.57047E-027   2.44101E-029   1.54606E-027
  1.53100E+000   1.61310E-027   2.52892E-029   1.58781E-027
  1.54900E+000   1.65982E-027   2.62251E-029   1.63360E-027
  1.56700E+000   1.70863E-027   2.71662E-029   1.68146E-027
  1.58500E+000   1.75842E-027   2.81183E-029   1.73031E-027
  1.60300E+000   1.80949E-027   2.90835E-029   1.78041E-027
  1.62200E+000   1.86452E-027   3.01079E-029   1.83441E-027
  1.64100E+000   1.91989E-027   3.11419E-029   1.88875E-027
  1.66000E+000   1.97596E-027   3.21885E-029   1.94377E-027
  1.67900E+000   2.03203E-027   3.32453E-029   1.99879E-027
  1.69800E+000   2.08743E-027   3.43123E-029   2.05311E-027
  1.71800E+000   2.14600E-027   3.54480E-029   2.11055E-027
  1.73800E+000   2.20264E-027   3.65986E-029   2.16604E-027
  1.75800E+000   2.25768E-027   3.77592E-029   2.21992E-027
  1.77800E+000   2.30993E-027   3.89389E-029   2.27099E-027
  1.79900E+000   2.35873E-027   4.01901E-029   2.31854E-027
  1.82000E+000   2.40198E-027   4.14586E-029   2.36052E-027
  1.84100E+000   2.43546E-027   4.27446E-029   2.39272E-027
  1.86200E+000   2.46198E-027   4.40473E-029   2.41794E-027
  1.88400E+000   2.49103E-027   4.54330E-029   2.44560E-027
  1.90600E+000   2.53742E-027   4.68341E-029   2.49059E-027
  1.92800E+000   2.61361E-027   4.82609E-029   2.56535E-027
  1.95000E+000   2.71255E-027   4.97071E-029   2.66285E-027
  1.97200E+000   2.81710E-027   5.11704E-029   2.76593E-027
  1.99500E+000   2.92366E-027   5.27212E-029   2.87094E-027
  2.01800E+000   3.02377E-027   5.42917E-029   2.96948E-027
  2.04200E+000   3.12214E-027   5.59546E-029   3.06618E-027
  2.06500E+000   3.20922E-027   5.75650E-029   3.15165E-027
  2.08900E+000   3.29669E-027   5.92601E-029   3.23743E-027
  2.11400E+000   3.38481E-027   6.10415E-029   3.32377E-027
  2.13800E+000   3.46569E-027   6.27577E-029   3.40294E-027
  2.16300E+000   3.54830E-027   6.45613E-029   3.48374E-027
  2.18800E+000   3.63033E-027   6.63552E-029   3.56397E-027
  2.21300E+000   3.70806E-027   6.81677E-029   3.63989E-027
  2.23900E+000   3.78838E-027   7.00398E-029   3.71834E-027
  2.26500E+000   3.86730E-027   7.19186E-029   3.79538E-027
  2.29100E+000   3.94596E-027   7.38007E-029   3.87216E-027
  2.31700E+000   4.02182E-027   7.56804E-029   3.94614E-027
  2.34400E+000   4.09784E-027   7.76195E-029   4.02022E-027
  2.37100E+000   4.17692E-027   7.96258E-029   4.09730E-027
  2.39900E+000   4.25305E-027   8.16898E-029   4.17136E-027
  2.42700E+000   4.33102E-027   8.37438E-029   4.24728E-027
  2.45500E+000   4.40607E-027   8.57788E-029   4.32029E-027
  2.48300E+000   4.48171E-027   8.78003E-029   4.39391E-027
  2.51200E+000   4.55719E-027   8.99607E-029   4.46723E-027
  2.54100E+000   4.63330E-027   9.20959E-029   4.54121E-027
  2.57000E+000   4.70680E-027   9.42111E-029   4.61258E-027
  2.60000E+000   4.78212E-027   9.64709E-029   4.68564E-027
  2.63000E+000   4.85457E-027   9.87025E-029   4.75586E-027
  2.66100E+000   4.93310E-027   1.01078E-028   4.83202E-027
  2.69100E+000   5.00657E-027   1.03265E-028   4.90330E-027
  2.72300E+000   5.08447E-027   1.05753E-028   4.97872E-027
  2.75400E+000   5.16021E-027   1.08051E-028   5.05216E-027
  2.78600E+000   5.23961E-027   1.10482E-028   5.12913E-027
  2.81800E+000   5.32010E-027   1.12977E-028   5.20713E-027
  2.85100E+000   5.40628E-027   1.15508E-028   5.29077E-027
  2.88400E+000   5.49598E-027   1.18109E-028   5.37787E-027
  2.91700E+000   5.59241E-027   1.20669E-028   5.47174E-027
  2.95100E+000   5.70204E-027   1.23358E-028   5.57868E-027
  2.98500E+000   5.82811E-027   1.26013E-028   5.70210E-027
  3.02000E+000   5.98527E-027   1.28783E-028   5.85649E-027
  3.05500E+000   6.18774E-027   1.31421E-028   6.05632E-027
  3.09000E+000   6.47103E-027   1.33917E-028   6.33712E-027
  3.12600E+000   6.92374E-027   1.36444E-028   6.78730E-027
  3.16200E+000   7.73240E-027   1.38741E-028   7.59366E-027
  3.19900E+000   9.54358E-027   1.41066E-028   9.40252E-027
  3.23600E+000   1.49700E-026   1.43275E-028   1.48267E-026
  3.27300E+000   4.37305E-026   1.45388E-028   4.35851E-026
  3.31100E+000   9.14166E-026   1.47836E-028   9.12688E-026
  3.35000E+000   2.18400E-026   1.53641E-028   2.16863E-026
  3.38800E+000   1.19495E-026   1.63538E-028   1.17860E-026
  3.42800E+000   9.11001E-027   1.65310E-028   8.94470E-027
  3.46700E+000   8.02509E-027   1.66680E-028   7.85841E-027
  3.50700E+000   7.48569E-027   1.64442E-028   7.32125E-027
  3.54800E+000   7.19085E-027   1.63355E-028   7.02750E-027
  3.58900E+000   7.02171E-027   1.60696E-028   6.86102E-027
  3.63100E+000   6.92240E-027   1.60437E-028   6.76197E-027
  3.67300E+000   6.86675E-027   1.61734E-028   6.70502E-027
  3.71500E+000   6.83797E-027   1.63122E-028   6.67485E-027
  3.75800E+000   6.82584E-027   1.64464E-028   6.66138E-027
  3.80200E+000   6.82703E-027   1.65894E-028   6.66114E-027
  3.84600E+000   6.83671E-027   1.67363E-028   6.66935E-027
  3.89100E+000   6.85286E-027   1.68740E-028   6.68412E-027
  3.93500E+000   6.87535E-027   1.70131E-028   6.70522E-027
  3.98100E+000   6.90194E-027   1.71642E-028   6.73030E-027
  4.02700E+000   6.93283E-027   1.73110E-028   6.75972E-027
  4.07400E+000   6.96736E-027   1.74579E-028   6.79278E-027
  4.12100E+000   7.00612E-027   1.76099E-028   6.83002E-027
  4.16900E+000   7.04722E-027   1.77605E-028   6.86962E-027
  4.21700E+000   7.09339E-027   1.79165E-028   6.91422E-027
  4.26600E+000   7.14248E-027   1.80809E-028   6.96167E-027
  4.31500E+000   7.19656E-027   1.82407E-028   7.01416E-027
  4.36500E+000   7.25621E-027   1.84102E-028   7.07211E-027
  4.41600E+000   7.32037E-027   1.85770E-028   7.13460E-027
  4.46700E+000   7.39193E-027   1.87498E-028   7.20443E-027
  4.51900E+000   7.47144E-027   1.89297E-028   7.28215E-027
  4.57100E+000   7.55910E-027   1.91059E-028   7.36805E-027
  4.62400E+000   7.65811E-027   1.92902E-028   7.46521E-027
  4.67700E+000   7.76956E-027   1.94679E-028   7.57488E-027
  4.73200E+000   7.90231E-027   1.96570E-028   7.70574E-027
  4.78600E+000   8.05243E-027   1.98375E-028   7.85406E-027
  4.84200E+000   8.23900E-027   2.00195E-028   8.03881E-027
  4.89800E+000   8.46735E-027   2.02053E-028   8.26530E-027
  4.95500E+000   8.76750E-027   2.03878E-028   8.56362E-027
  5.01200E+000   9.17969E-027   2.05650E-028   8.97404E-027
  5.07000E+000   9.81714E-027   2.07397E-028   9.60974E-027
  5.12900E+000   1.09394E-026   2.09135E-028   1.07303E-026
  5.18800E+000   1.31250E-026   2.10808E-028   1.29142E-026
  5.24800E+000   1.65109E-026   2.12453E-028   1.62984E-026
  5.30900E+000   1.64087E-026   2.14089E-028   1.61946E-026
  5.37000E+000   1.42480E-026   2.15656E-028   1.40323E-026
  5.43200E+000   1.36499E-026   2.17215E-028   1.34327E-026
  5.49500E+000   1.44116E-026   2.18842E-028   1.41928E-026
  5.55900E+000   1.66897E-026   2.20364E-028   1.64693E-026
  5.62300E+000   2.14992E-026   2.21818E-028   2.12773E-026
  5.68800E+000   2.77767E-026   2.23278E-028   2.75534E-026
  5.75400E+000   2.65516E-026   2.24697E-028   2.63269E-026
  5.82100E+000   2.37156E-026   2.26011E-028   2.34896E-026
  5.88800E+000   2.46361E-026   2.27388E-028   2.44088E-026
  5.95700E+000   2.95772E-026   2.28757E-028   2.93484E-026
  6.02600E+000   4.09208E-026   2.30097E-028   4.06907E-026
  6.09500E+000   6.71096E-026   2.31302E-028   6.68783E-026
  6.16600E+000   1.28449E-025   2.32624E-028   1.28216E-025
  6.23700E+000   1.65856E-025   2.33811E-028   1.65622E-025
  6.31000E+000   1.00652E-025   2.35005E-028   1.00417E-025
  6.38300E+000   6.23779E-026   2.36194E-028   6.21417E-026
  6.45700E+000   4.87695E-026   2.37375E-028   4.85321E-026
  6.53100E+000   4.58445E-026   2.38444E-028   4.56061E-026
  6.60700E+000   4.76461E-026   2.39558E-028   4.74065E-026
  6.68300E+000   5.00240E-026   2.40598E-028   4.97834E-026
  6.76100E+000   5.01824E-026   2.41950E-028   4.99405E-026
  6.83900E+000   4.92359E-026   2.47949E-028   4.89879E-026
  6.91800E+000   4.96998E-026   2.44693E-028   4.94551E-026
  6.99800E+000   5.27661E-026   2.44685E-028   5.25214E-026
  7.08000E+000   5.88435E-026   2.45583E-028   5.85980E-026
  7.16100E+000   6.79102E-026   2.46542E-028   6.76637E-026
  7.24400E+000   8.08270E-026   2.47464E-028   8.05795E-026
  7.32800E+000   9.90651E-026   2.48266E-028   9.88168E-026
  7.41300E+000   1.26745E-025   2.49145E-028   1.26496E-025
  7.49900E+000   1.69954E-025   2.50031E-028   1.69704E-025
  7.58600E+000   2.14063E-025   2.50766E-028   2.13812E-025
  7.67400E+000   2.18272E-025   2.51586E-028   2.18020E-025
  7.76200E+000   2.12844E-025   2.51623E-028   2.12593E-025
  7.85200E+000   2.06576E-025   2.52763E-028   2.06324E-025
  7.94300E+000   1.71692E-025   2.56249E-028   1.71435E-025
  8.03500E+000   1.29335E-025   2.62504E-028   1.29072E-025
  8.12800E+000   1.00776E-025   2.71493E-028   1.00505E-025
  8.22200E+000   8.62384E-026   2.83941E-028   8.59545E-026
  8.31800E+000   8.09694E-026   3.03573E-028   8.06658E-026
  8.41400E+000   8.21889E-026   3.21857E-028   8.18671E-026
  8.51100E+000   9.40851E-026   3.39200E-028   9.37459E-026
  8.61000E+000   1.04943E-025   3.49507E-028   1.04593E-025
  8.71000E+000   8.40205E-026   3.68198E-028   8.36523E-026
  8.81100E+000   5.96571E-026   4.04215E-028   5.92529E-026
  8.91300E+000   4.56813E-026   4.41003E-028   4.52403E-026
  9.01600E+000   3.79391E-026   4.75221E-028   3.74639E-026
  9.12000E+000   3.33157E-026   5.12283E-028   3.28035E-026
  9.22600E+000   3.03314E-026   5.51147E-028   2.97802E-026
  9.33300E+000   2.83374E-026   5.86850E-028   2.77506E-026
  9.44100E+000   2.69713E-026   6.15552E-028   2.63557E-026
  9.55000E+000   2.60421E-026   6.36595E-028   2.54055E-026
  9.66000E+000   2.54350E-026   6.50068E-028   2.47849E-026
  9.77200E+000   2.50896E-026   6.56297E-028   2.44333E-026
  9.88500E+000   2.49771E-026   6.55154E-028   2.43220E-026
  1.00000E+001   2.50882E-026   6.46935E-028   2.44413E-026
  1.01200E+001   2.54545E-026   6.31733E-028   2.48228E-026
  1.02300E+001   2.60491E-026   6.14324E-028   2.54348E-026
  1.03500E+001   2.70632E-026   5.94614E-028   2.64686E-026
  1.04700E+001   2.86402E-026   5.75859E-028   2.80643E-026
  1.05900E+001   3.12377E-026   5.57992E-028   3.06797E-026
  1.07200E+001   3.54317E-026   5.39444E-028   3.48922E-026
  1.08400E+001   4.11841E-026   5.22737E-028   4.06613E-026
  1.09700E+001   5.48298E-026   5.04410E-028   5.43254E-026
  1.10900E+001   8.79143E-026   4.86869E-028   8.74275E-026
  1.12200E+001   2.19118E-025   4.66446E-028   2.18651E-025
  1.13500E+001   1.71905E-025   4.44439E-028   1.71460E-025
  1.14800E+001   1.12527E-025   4.25191E-028   1.12102E-025
  1.16100E+001   7.99482E-026   4.08303E-028   7.95399E-026
  1.17500E+001   7.34760E-026   3.91606E-028   7.30844E-026
  1.18900E+001   8.16516E-026   3.75196E-028   8.12764E-026
  1.20200E+001   8.63029E-026   3.59588E-028   8.59433E-026
  1.21600E+001   7.96312E-026   3.43222E-028   7.92880E-026
  1.23000E+001   7.84802E-026   3.28697E-028   7.81515E-026
  1.24400E+001   9.17038E-026   3.17352E-028   9.13865E-026
  1.25900E+001   1.12678E-025   3.10217E-028   1.12367E-025
  1.27300E+001   1.05932E-025   3.08096E-028   1.05624E-025
  1.28800E+001   7.61347E-026   3.08433E-028   7.58263E-026
  1.30300E+001   6.13250E-026   3.07939E-028   6.10171E-026
  1.31800E+001   5.64553E-026   3.08162E-028   5.61472E-026
  1.33400E+001   5.86129E-026   3.08522E-028   5.83044E-026
  1.34900E+001   6.06346E-026   3.08846E-028   6.03258E-026
  1.36500E+001   5.39483E-026   3.09586E-028   5.36387E-026
  1.38000E+001   4.77772E-026   3.10718E-028   4.74665E-026
  1.39600E+001   4.52921E-026   3.12548E-028   4.49795E-026
  1.41200E+001   4.69650E-026   3.15091E-028   4.66499E-026
  1.42900E+001   4.51567E-026   3.18614E-028   4.48381E-026
  1.44500E+001   4.13757E-026   3.22856E-028   4.10528E-026
  1.46200E+001   3.98438E-026   3.28454E-028   3.95153E-026
  1.47900E+001   3.93132E-026   3.35331E-028   3.89779E-026
  1.49600E+001   3.91897E-026   3.43512E-028   3.88462E-026
  1.51400E+001   3.93014E-026   3.53395E-028   3.89480E-026
  1.53100E+001   3.95813E-026   3.63787E-028   3.92175E-026
  1.54900E+001   4.00824E-026   3.75779E-028   3.97066E-026
  1.56700E+001   4.09420E-026   3.88523E-028   4.05534E-026
  1.58500E+001   4.25804E-026   4.01790E-028   4.21786E-026
  1.60300E+001   4.40072E-026   4.15493E-028   4.35917E-026
  1.62200E+001   4.78643E-026   4.30083E-028   4.74342E-026
  1.64100E+001   6.43659E-026   4.44603E-028   6.39213E-026
  1.66000E+001   5.77181E-026   4.58732E-028   5.72594E-026
  1.67900E+001   5.70010E-026   4.72248E-028   5.65288E-026
  1.69800E+001   5.95148E-026   4.84826E-028   5.90300E-026
  1.71800E+001   5.92347E-026   4.96932E-028   5.87378E-026
  1.73800E+001   5.94178E-026   5.07857E-028   5.89099E-026
  1.75800E+001   5.05463E-026   5.17651E-028   5.00286E-026
  1.77800E+001   4.78313E-026   5.26240E-028   4.73051E-026
  1.79900E+001   4.49137E-026   5.34053E-028   4.43797E-026
  1.82000E+001   4.20216E-026   5.40643E-028   4.14809E-026
  1.84100E+001   4.06316E-026   5.45905E-028   4.00857E-026
  1.86200E+001   3.97341E-026   5.49966E-028   3.91842E-026
  1.88400E+001   3.90066E-026   5.52856E-028   3.84538E-026
  1.90600E+001   3.83421E-026   5.54418E-028   3.77877E-026
  1.92700E+001   3.77180E-026   5.55266E-028   3.71627E-026
  1.95000E+001   3.70617E-026   5.55202E-028   3.65065E-026
  1.97200E+001   3.64869E-026   5.54825E-028   3.59321E-026
  1.99500E+001   3.59510E-026   5.54303E-028   3.53967E-026
  2.01800E+001   3.54791E-026   5.55733E-028   3.49233E-026
  2.04200E+001   3.50436E-026   5.58086E-028   3.44855E-026
  2.06500E+001   3.46712E-026   5.61394E-028   3.41098E-026
  2.08900E+001   3.43214E-026   5.65983E-028   3.37554E-026
  2.11400E+001   3.39918E-026   5.71757E-028   3.34200E-026
  2.13800E+001   3.37032E-026   5.77707E-028   3.31255E-026
  2.16300E+001   3.34286E-026   5.84493E-028   3.28441E-026
  2.18800E+001   3.31771E-026   5.91645E-028   3.25854E-026
  2.21300E+001   3.29459E-026   5.98674E-028   3.23472E-026
  2.23900E+001   3.27252E-026   6.05687E-028   3.21195E-026
  2.26500E+001   3.25233E-026   6.13138E-028   3.19102E-026
  2.29100E+001   3.23387E-026   6.20575E-028   3.17182E-026
  2.31700E+001   3.21701E-026   6.28031E-028   3.15420E-026
  2.34400E+001   3.20128E-026   6.37378E-028   3.13754E-026
  2.37100E+001   3.18711E-026   6.47352E-028   3.12237E-026
  2.39900E+001   3.17406E-026   6.59188E-028   3.10814E-026
  2.42700E+001   3.16264E-026   6.72307E-028   3.09541E-026
  2.45500E+001   3.15272E-026   6.87017E-028   3.08402E-026
  2.48300E+001   3.14418E-026   7.02785E-028   3.07390E-026
  2.51200E+001   3.13677E-026   7.20570E-028   3.06471E-026
  2.54100E+001   3.13071E-026   7.40417E-028   3.05667E-026
  2.57000E+001   3.12598E-026   7.61818E-028   3.04980E-026
  2.60000E+001   3.12231E-026   7.85288E-028   3.04378E-026
  2.63000E+001   3.11991E-026   8.10476E-028   3.03886E-026
  2.66100E+001   3.11864E-026   8.38377E-028   3.03480E-026
  2.69200E+001   3.11856E-026   8.68787E-028   3.03168E-026
  2.72300E+001   3.11953E-026   9.00213E-028   3.02951E-026
  2.75400E+001   3.12162E-026   9.34240E-028   3.02819E-026
  2.78600E+001   3.12473E-026   9.71141E-028   3.02761E-026
  2.81800E+001   3.12881E-026   1.01026E-027   3.02779E-026
  2.85100E+001   3.13408E-026   1.05295E-027   3.02878E-026
  2.88400E+001   3.14031E-026   1.09812E-027   3.03050E-026
  2.91700E+001   3.14739E-026   1.14612E-027   3.03278E-026
  2.95100E+001   3.15543E-026   1.19741E-027   3.03569E-026
  2.98500E+001   3.16450E-026   1.25233E-027   3.03926E-026
  3.02000E+001   3.17465E-026   1.31184E-027   3.04347E-026
  3.05500E+001   3.18551E-026   1.37382E-027   3.04813E-026
  3.09000E+001   3.19712E-026   1.43891E-027   3.05323E-026
  3.12600E+001   3.20983E-026   1.50915E-027   3.05892E-026
  3.16200E+001   3.22323E-026   1.58319E-027   3.06491E-026
  3.19900E+001   3.23781E-026   1.66294E-027   3.07151E-026
  3.23600E+001   3.25275E-026   1.74519E-027   3.07823E-026
  3.27300E+001   3.26869E-026   1.83248E-027   3.08544E-026
  3.31100E+001   3.28579E-026   1.92754E-027   3.09303E-026
  3.35000E+001   3.30370E-026   2.02716E-027   3.10098E-026
  3.38800E+001   3.32171E-026   2.12841E-027   3.10887E-026
  3.42800E+001   3.34162E-026   2.24121E-027   3.11749E-026
  3.46700E+001   3.36154E-026   2.35596E-027   3.12594E-026
  3.50800E+001   3.38297E-026   2.48054E-027   3.13492E-026
  3.54800E+001   3.40446E-026   2.60840E-027   3.14362E-026
  3.58900E+001   3.42721E-026   2.74545E-027   3.15267E-026
  3.63100E+001   3.45128E-026   2.89171E-027   3.16211E-026
  3.67300E+001   3.47555E-026   3.04175E-027   3.17137E-026
  3.71500E+001   3.50066E-026   3.20068E-027   3.18059E-026
  3.75800E+001   3.52717E-026   3.36928E-027   3.19024E-026
  3.80200E+001   3.55441E-026   3.54684E-027   3.19973E-026
  3.84600E+001   3.58270E-026   3.73400E-027   3.20930E-026
  3.89000E+001   3.61155E-026   3.92859E-027   3.21869E-026
  3.93500E+001   3.64164E-026   4.13538E-027   3.22810E-026
  3.98100E+001   3.67341E-026   4.35506E-027   3.23791E-026
  4.02700E+001   3.70580E-026   4.58668E-027   3.24713E-026
  4.07400E+001   3.73918E-026   4.82659E-027   3.25652E-026
  4.12100E+001   3.77415E-026   5.08213E-027   3.26594E-026
  4.16900E+001   3.81048E-026   5.35385E-027   3.27510E-026
  4.21700E+001   3.84729E-026   5.63263E-027   3.28403E-026
  4.26600E+001   3.88598E-026   5.92846E-027   3.29314E-026
  4.31500E+001   3.92559E-026   6.23972E-027   3.30162E-026
  4.36500E+001   3.96719E-026   6.57000E-027   3.31019E-026
  4.41600E+001   4.01059E-026   6.92033E-027   3.31856E-026
  4.46700E+001   4.05584E-026   7.28970E-027   3.32687E-026
  4.51900E+001   4.10166E-026   7.67112E-027   3.33455E-026
  4.57100E+001   4.15036E-026   8.07789E-027   3.34257E-026
  4.62400E+001   4.20063E-026   8.50954E-027   3.34968E-026
  4.67700E+001   4.25266E-026   8.95836E-027   3.35682E-026
  4.73100E+001   4.30709E-026   9.43395E-027   3.36370E-026
  4.78600E+001   4.36413E-026   9.93778E-027   3.37036E-026
  4.84200E+001   4.42266E-026   1.04641E-026   3.37625E-026
  4.89800E+001   4.48592E-026   1.10342E-026   3.38250E-026
  4.95400E+001   4.54883E-026   1.16112E-026   3.38771E-026
  5.01200E+001   4.61644E-026   1.22351E-026   3.39293E-026
  5.07000E+001   4.68698E-026   1.28928E-026   3.39770E-026
  5.12900E+001   4.76074E-026   1.35873E-026   3.40201E-026
  5.18800E+001   4.83688E-026   1.43105E-026   3.40583E-026
  5.24800E+001   4.91676E-026   1.50733E-026   3.40943E-026
  5.30900E+001   5.00005E-026   1.58804E-026   3.41200E-026
  5.37000E+001   5.08770E-026   1.67279E-026   3.41491E-026
  5.43300E+001   5.18031E-026   1.76381E-026   3.41651E-026
  5.49500E+001   5.27451E-026   1.85665E-026   3.41786E-026
  5.55900E+001   5.37526E-026   1.95620E-026   3.41907E-026
  5.62300E+001   5.47844E-026   2.05937E-026   3.41907E-026
  5.68800E+001   5.58847E-026   2.16913E-026   3.41934E-026
  5.75400E+001   5.70143E-026   2.28344E-026   3.41799E-026
  5.82100E+001   5.82158E-026   2.40484E-026   3.41674E-026
  5.88800E+001   5.94532E-026   2.53060E-026   3.41472E-026
  5.95700E+001   6.07638E-026   2.66439E-026   3.41199E-026
  6.02600E+001   6.21268E-026   2.80433E-026   3.40835E-026
  6.09500E+001   6.35159E-026   2.94708E-026   3.40451E-026
  6.16600E+001   6.50022E-026   3.10042E-026   3.39980E-026
  6.23700E+001   6.65074E-026   3.25611E-026   3.39463E-026
  6.31000E+001   6.81168E-026   3.42331E-026   3.38837E-026
  6.38300E+001   6.97599E-026   3.59506E-026   3.38093E-026
  6.45700E+001   7.14990E-026   3.77668E-026   3.37322E-026
  6.53100E+001   7.32515E-026   3.96022E-026   3.36493E-026
  6.60700E+001   7.51260E-026   4.15639E-026   3.35621E-026
  6.68300E+001   7.70056E-026   4.35421E-026   3.34635E-026
  6.76100E+001   7.90056E-026   4.56504E-026   3.33552E-026
  6.83900E+001   8.10396E-026   4.78022E-026   3.32375E-026
  6.91800E+001   8.31386E-026   5.00277E-026   3.31108E-026
  6.99800E+001   8.53045E-026   5.23206E-026   3.29839E-026
  7.07900E+001   8.75266E-026   5.46856E-026   3.28410E-026
  7.16100E+001   8.98530E-026   5.71605E-026   3.26925E-026
  7.24400E+001   9.21949E-026   5.96599E-026   3.25349E-026
  7.32800E+001   9.46391E-026   6.22684E-026   3.23708E-026
  7.41300E+001   9.71308E-026   6.49369E-026   3.21938E-026
  7.49900E+001   9.96385E-026   6.76248E-026   3.20136E-026
  7.58600E+001   1.02244E-025   7.04191E-026   3.18245E-026
  7.67400E+001   1.04900E-025   7.32726E-026   3.16270E-026
  7.76200E+001   1.07609E-025   7.61885E-026   3.14207E-026
  7.85200E+001   1.10332E-025   7.91303E-026   3.12019E-026
  7.94300E+001   1.13106E-025   8.21301E-026   3.09764E-026
  8.03500E+001   1.15968E-025   8.52188E-026   3.07489E-026
  8.12800E+001   1.18787E-025   8.82785E-026   3.05090E-026
  8.22200E+001   1.21705E-025   9.14450E-026   3.02595E-026
  8.31800E+001   1.24607E-025   9.46021E-026   3.00046E-026
  8.41400E+001   1.27552E-025   9.78125E-026   2.97395E-026
  8.51100E+001   1.30501E-025   1.01030E-025   2.94709E-026
  8.61000E+001   1.33489E-025   1.04296E-025   2.91926E-026
  8.71000E+001   1.36482E-025   1.07575E-025   2.89068E-026
  8.81100E+001   1.39451E-025   1.10838E-025   2.86128E-026
  8.91200E+001   1.42398E-025   1.14082E-025   2.83160E-026
  9.01600E+001   1.45453E-025   1.17446E-025   2.80075E-026
  9.12000E+001   1.48364E-025   1.20667E-025   2.76975E-026
  9.22600E+001   1.51276E-025   1.23899E-025   2.73767E-026
  9.33200E+001   1.54211E-025   1.27155E-025   2.70567E-026
  9.44100E+001   1.57080E-025   1.30356E-025   2.67237E-026
  9.55000E+001   1.59944E-025   1.33555E-025   2.63886E-026
  9.66100E+001   1.62784E-025   1.36737E-025   2.60473E-026
  9.77200E+001   1.65459E-025   1.39754E-025   2.57051E-026
  9.88600E+001   1.68188E-025   1.42837E-025   2.53509E-026
  1.00000E+002   1.70830E-025   1.45831E-025   2.49984E-026
  1.01200E+002   1.73498E-025   1.48870E-025   2.46280E-026
  1.02300E+002   1.75847E-025   1.51561E-025   2.42859E-026
  1.03500E+002   1.78308E-025   1.54391E-025   2.39164E-026
  1.04700E+002   1.80627E-025   1.57082E-025   2.35449E-026
  1.05900E+002   1.82865E-025   1.59688E-025   2.31764E-026
  1.07200E+002   1.85128E-025   1.62348E-025   2.27803E-026
  1.08400E+002   1.87098E-025   1.64683E-025   2.24157E-026
  1.09700E+002   1.89197E-025   1.67171E-025   2.20259E-026
  1.10900E+002   1.90932E-025   1.69267E-025   2.16644E-026
  1.12200E+002   1.92651E-025   1.71373E-025   2.12777E-026
  1.13500E+002   1.94241E-025   1.73346E-025   2.08950E-026
  1.14800E+002   1.95824E-025   1.75306E-025   2.05175E-026
  1.16100E+002   1.97144E-025   1.77003E-025   2.01411E-026
  1.17500E+002   1.98525E-025   1.78783E-025   1.97416E-026
  1.18800E+002   1.99605E-025   1.80230E-025   1.93750E-026
  1.20200E+002   2.00684E-025   1.81699E-025   1.89849E-026
  1.21600E+002   2.01502E-025   1.82901E-025   1.86002E-026
  1.23000E+002   2.02334E-025   1.84114E-025   1.82203E-026
  1.24400E+002   2.02977E-025   1.85130E-025   1.78471E-026
  1.25900E+002   2.03446E-025   1.85995E-025   1.74515E-026
  1.27300E+002   2.03837E-025   1.86747E-025   1.70897E-026
  1.28800E+002   2.04098E-025   1.87391E-025   1.67078E-026
  1.30300E+002   2.04236E-025   1.87903E-025   1.63336E-026
  1.31800E+002   2.04138E-025   1.88172E-025   1.59660E-026
  1.33400E+002   2.03986E-025   1.88404E-025   1.55815E-026
  1.34900E+002   2.03737E-025   1.88509E-025   1.52284E-026
  1.36500E+002   2.03322E-025   1.88465E-025   1.48564E-026
  1.38000E+002   2.02821E-025   1.88302E-025   1.45181E-026
  1.39600E+002   2.02154E-025   1.87990E-025   1.41645E-026
  1.41200E+002   2.01389E-025   1.87574E-025   1.38156E-026
  1.42900E+002   2.00442E-025   1.86985E-025   1.34572E-026
  1.44500E+002   1.99453E-025   1.86328E-025   1.31256E-026
  1.46200E+002   1.98278E-025   1.85496E-025   1.27821E-026
  1.47900E+002   1.97024E-025   1.84576E-025   1.24482E-026
  1.49600E+002   1.95648E-025   1.83526E-025   1.21213E-026
  1.51400E+002   1.94121E-025   1.82337E-025   1.17842E-026
  1.53100E+002   1.92570E-025   1.81095E-025   1.14749E-026
  1.54900E+002   1.90875E-025   1.79719E-025   1.11560E-026
  1.56700E+002   1.89076E-025   1.78231E-025   1.08454E-026
  1.58500E+002   1.87229E-025   1.76685E-025   1.05437E-026
  1.60300E+002   1.85414E-025   1.75165E-025   1.02493E-026
  1.62200E+002   1.83292E-025   1.73344E-025   9.94800E-027
  1.64100E+002   1.81139E-025   1.71481E-025   9.65733E-027
  1.66000E+002   1.78960E-025   1.69586E-025   9.37404E-027
  1.67900E+002   1.76667E-025   1.67567E-025   9.09925E-027
  1.69800E+002   1.74516E-025   1.65684E-025   8.83172E-027
  1.71800E+002   1.72038E-025   1.63476E-025   8.56214E-027
  1.73800E+002   1.69554E-025   1.61255E-025   8.29863E-027
  1.75800E+002   1.67070E-025   1.59025E-025   8.04462E-027
  1.77800E+002   1.64653E-025   1.56855E-025   7.79847E-027
  1.79900E+002   1.61973E-025   1.54425E-025   7.54814E-027
  1.82000E+002   1.59310E-025   1.52004E-025   7.30669E-027
  1.84100E+002   1.56715E-025   1.49642E-025   7.07343E-027
  1.86200E+002   1.54011E-025   1.47162E-025   6.84846E-027
  1.88400E+002   1.51210E-025   1.44589E-025   6.62108E-027
  1.90600E+002   1.48480E-025   1.42078E-025   6.40165E-027
  1.92800E+002   1.45721E-025   1.39530E-025   6.19025E-027
  1.95000E+002   1.42946E-025   1.36960E-025   5.98562E-027
  1.97200E+002   1.40266E-025   1.34477E-025   5.78970E-027
  1.99500E+002   1.37424E-025   1.31832E-025   5.59170E-027
  2.01800E+002   1.34595E-025   1.29194E-025   5.40100E-027
  2.04200E+002   1.31743E-025   1.26533E-025   5.20942E-027
  2.06500E+002   1.28985E-025   1.23951E-025   5.03376E-027
  2.08900E+002   1.26216E-025   1.21359E-025   4.85676E-027
  2.11400E+002   1.23279E-025   1.18598E-025   4.68027E-027
  2.13800E+002   1.20599E-025   1.16082E-025   4.51686E-027
  2.16300E+002   1.17765E-025   1.13411E-025   4.35373E-027
  2.18800E+002   1.14963E-025   1.10766E-025   4.19731E-027
  2.21300E+002   1.12314E-025   1.08266E-025   4.04715E-027
  2.23900E+002   1.09523E-025   1.05626E-025   3.89737E-027
  2.26500E+002   1.06845E-025   1.03092E-025   3.75345E-027
  2.29100E+002   1.04181E-025   1.00565E-025   3.61579E-027
  2.31700E+002   1.01628E-025   9.81446E-026   3.48379E-027
  2.34400E+002   9.89573E-026   9.56047E-026   3.35259E-027
  2.37100E+002   9.64001E-026   9.31735E-026   3.22664E-027
  2.39900E+002   9.37764E-026   9.06746E-026   3.10184E-027
  2.42700E+002   9.12678E-026   8.82851E-026   2.98275E-027
  2.45500E+002   8.87858E-026   8.59168E-026   2.86902E-027
  2.48300E+002   8.63823E-026   8.36226E-026   2.75976E-027
  2.51200E+002   8.39284E-026   8.12767E-026   2.65164E-027
  2.54100E+002   8.15853E-026   7.90369E-026   2.54831E-027
  2.57000E+002   7.92783E-026   7.68286E-026   2.44968E-027
  2.60000E+002   7.69713E-026   7.46187E-026   2.35263E-027
  2.63000E+002   7.47048E-026   7.24453E-026   2.25944E-027
  2.66100E+002   7.24751E-026   7.03072E-026   2.16795E-027
  2.69100E+002   7.03606E-026   6.82776E-026   2.08308E-027
  2.72300E+002   6.81783E-026   6.61812E-026   1.99715E-027
  2.75400E+002   6.61546E-026   6.42372E-026   1.91737E-027
  2.78600E+002   6.40824E-026   6.22430E-026   1.83938E-027
  2.81800E+002   6.21407E-026   6.03757E-026   1.76497E-027
  2.85100E+002   6.01567E-026   5.84649E-026   1.69180E-027
  2.88400E+002   5.82449E-026   5.66230E-026   1.62197E-027
  2.91700E+002   5.63810E-026   5.48253E-026   1.55566E-027
  2.95100E+002   5.45837E-026   5.30936E-026   1.49010E-027
  2.98500E+002   5.27852E-026   5.13569E-026   1.42834E-027
  3.02000E+002   5.10517E-026   4.96839E-026   1.36782E-027
  3.05500E+002   4.93752E-026   4.80653E-026   1.30993E-027
  3.09000E+002   4.77245E-026   4.64692E-026   1.25531E-027
  3.12600E+002   4.61378E-026   4.49362E-026   1.20154E-027
  3.16200E+002   4.45538E-026   4.34032E-026   1.15061E-027
  3.19900E+002   4.30343E-026   4.19336E-026   1.10070E-027
  3.23600E+002   4.15409E-026   4.04874E-026   1.05343E-027
  3.27300E+002   4.01277E-026   3.91192E-026   1.00850E-027
  3.31100E+002   3.87478E-026   3.77829E-026   9.64883E-028
  3.35000E+002   3.73582E-026   3.64361E-026   9.22118E-028
  3.38800E+002   3.60607E-026   3.51781E-026   8.82639E-028
  3.42800E+002   3.47406E-026   3.38974E-026   8.43223E-028
  3.46700E+002   3.35426E-026   3.27358E-026   8.06795E-028
  3.50800E+002   3.23127E-026   3.15422E-026   7.70492E-028
  3.54800E+002   3.11552E-026   3.04183E-026   7.36875E-028
  3.58900E+002   3.00183E-026   2.93140E-026   7.04253E-028
  3.63100E+002   2.88970E-026   2.82245E-026   6.72506E-028
  3.67300E+002   2.78392E-026   2.71966E-026   6.42546E-028
  3.71500E+002   2.68385E-026   2.62244E-026   6.14080E-028
  3.75800E+002   2.58223E-026   2.52359E-026   5.86403E-028
  3.80200E+002   2.48569E-026   2.42972E-026   5.59674E-028
  3.84600E+002   2.39015E-026   2.33671E-026   5.34363E-028
  3.89000E+002   2.30141E-026   2.25037E-026   5.10400E-028
  3.93500E+002   2.21441E-026   2.16569E-026   4.87172E-028
  3.98100E+002   2.12907E-026   2.08260E-026   4.64737E-028
  4.02700E+002   2.04749E-026   2.00314E-026   4.43493E-028
  4.07400E+002   1.96759E-026   1.92529E-026   4.22953E-028
  4.12100E+002   1.89241E-026   1.85206E-026   4.03556E-028
  4.16900E+002   1.81781E-026   1.77933E-026   3.84823E-028
  4.21700E+002   1.74635E-026   1.70964E-026   3.67112E-028
  4.26600E+002   1.67880E-026   1.64380E-026   3.49997E-028
  4.31500E+002   1.61320E-026   1.57981E-026   3.33831E-028
  4.36500E+002   1.54816E-026   1.51633E-026   3.18245E-028
  4.41600E+002   1.48683E-026   1.45650E-026   3.03234E-028
  4.46700E+002   1.42723E-026   1.39832E-026   2.89032E-028
  4.51900E+002   1.37016E-026   1.34262E-026   2.75400E-028
  4.57100E+002   1.31569E-026   1.28944E-026   2.62487E-028
  4.62400E+002   1.26186E-026   1.23685E-026   2.50083E-028
  4.67700E+002   1.21128E-026   1.18744E-026   2.38367E-028
  4.73100E+002   1.16287E-026   1.14016E-026   2.27075E-028
  4.78600E+002   1.11435E-026   1.09273E-026   2.16246E-028
  4.84200E+002   1.06874E-026   1.04816E-026   2.05836E-028
  4.89800E+002   1.02458E-026   1.00498E-026   1.96010E-028
  4.95500E+002   9.82417E-027   9.63759E-027   1.86577E-028
  5.01200E+002   9.42222E-027   9.24452E-027   1.77692E-028
  5.07000E+002   9.02650E-027   8.85735E-027   1.69152E-028
  5.12900E+002   8.64916E-027   8.48819E-027   1.60971E-028
  5.18800E+002   8.29585E-027   8.14259E-027   1.53252E-028
  5.24800E+002   7.94234E-027   7.79649E-027   1.45850E-028
  5.30900E+002   7.61135E-027   7.47259E-027   1.38755E-028
  5.37000E+002   7.29617E-027   7.16410E-027   1.32065E-028
  5.43200E+002   6.98657E-027   6.86091E-027   1.25662E-028
  5.49500E+002   6.69185E-027   6.57232E-027   1.19528E-028
  5.55900E+002   6.40286E-027   6.28920E-027   1.13662E-028
  5.62300E+002   6.13221E-027   6.02408E-027   1.08130E-028
  5.68800E+002   5.87540E-027   5.77256E-027   1.02843E-028
  5.75400E+002   5.61920E-027   5.52140E-027   9.77938E-029
  5.82100E+002   5.38007E-027   5.28712E-027   9.29507E-029
  5.88800E+002   5.14866E-027   5.06025E-027   8.84041E-029
  5.95700E+002   4.92302E-027   4.83903E-027   8.39895E-029
  6.02600E+002   4.71196E-027   4.63212E-027   7.98404E-029
  6.09500E+002   4.51141E-027   4.43548E-027   7.59299E-029
  6.16600E+002   4.31246E-027   4.24032E-027   7.21341E-029
  6.23700E+002   4.12639E-027   4.05782E-027   6.85758E-029
  6.31000E+002   3.94489E-027   3.87976E-027   6.51309E-029
  6.38300E+002   3.77308E-027   3.71119E-027   6.18910E-029
  6.45700E+002   3.60741E-027   3.54861E-027   5.87992E-029
  6.53100E+002   3.45288E-027   3.39699E-027   5.58920E-029
  6.60700E+002   3.29729E-027   3.24421E-027   5.30790E-029
  6.68300E+002   3.15455E-027   3.10411E-027   5.04382E-029
  6.76100E+002   3.01352E-027   2.96564E-027   4.78839E-029
  6.83900E+002   2.88181E-027   2.83631E-027   4.54909E-029
  6.91800E+002   2.75523E-027   2.71202E-027   4.32097E-029
  6.99800E+002   2.63191E-027   2.59088E-027   4.10349E-029
  7.08000E+002   2.51393E-027   2.47499E-027   3.89395E-029
  7.16100E+002   2.40334E-027   2.36634E-027   3.69955E-029
  7.24400E+002   2.29652E-027   2.26140E-027   3.51195E-029
  7.32800E+002   2.19355E-027   2.16021E-027   3.33418E-029
  7.41300E+002   2.09677E-027   2.06512E-027   3.16512E-029
  7.49900E+002   2.00078E-027   1.97074E-027   3.00392E-029
  7.58600E+002   1.91189E-027   1.88338E-027   2.85094E-029
  7.67400E+002   1.82673E-027   1.79968E-027   2.70532E-029
  7.76200E+002   1.74491E-027   1.71923E-027   2.56858E-029
  7.85200E+002   1.66517E-027   1.64079E-027   2.43762E-029
  7.94300E+002   1.59040E-027   1.56727E-027   2.31277E-029
  8.03500E+002   1.51781E-027   1.49586E-027   2.19444E-029
  8.12800E+002   1.45020E-027   1.42938E-027   2.08212E-029
  8.22200E+002   1.38479E-027   1.36503E-027   1.97591E-029
  8.31800E+002   1.32095E-027   1.30221E-027   1.87363E-029
  8.41400E+002   1.26152E-027   1.24374E-027   1.77757E-029
  8.51100E+002   1.20467E-027   1.18781E-027   1.68658E-029
  8.61000E+002   1.14900E-027   1.13301E-027   1.59962E-029
  8.71000E+002   1.09679E-027   1.08163E-027   1.51663E-029
  8.81000E+002   1.04738E-027   1.03299E-027   1.43915E-029
  8.91200E+002   9.99118E-028   9.85473E-028   1.36451E-029
  9.01600E+002   9.53255E-028   9.40319E-028   1.29364E-029
  9.12000E+002   9.10055E-028   8.97784E-028   1.22710E-029
  9.22600E+002   8.67747E-028   8.56114E-028   1.16324E-029
  9.33300E+002   8.28107E-028   8.17080E-028   1.10270E-029
  9.44100E+002   7.90255E-028   7.79798E-028   1.04571E-029
  9.55000E+002   7.53736E-028   7.43822E-028   9.91423E-030
  9.66000E+002   7.19364E-028   7.09962E-028   9.40185E-030
  9.77200E+002   6.86352E-028   6.77437E-028   8.91431E-030
  9.88500E+002   6.54492E-028   6.46042E-028   8.44949E-030
  1.00000E+003   6.24282E-028   6.16276E-028   8.00577E-030
  1.01200E+003   5.94498E-028   5.86924E-028   7.57399E-030
  1.02300E+003   5.68458E-028   5.61256E-028   7.20222E-030
  1.03500E+003   5.41954E-028   5.35133E-028   6.82150E-030
  1.04700E+003   5.16913E-028   5.10450E-028   6.46343E-030
  1.05900E+003   4.93025E-028   4.86897E-028   6.12856E-030
  1.07200E+003   4.68914E-028   4.63125E-028   5.78884E-030
  1.08400E+003   4.47919E-028   4.42424E-028   5.49539E-030
  1.09600E+003   4.27842E-028   4.22622E-028   5.22015E-030
  1.10900E+003   4.07559E-028   4.02620E-028   4.93896E-030
  1.12200E+003   3.88467E-028   3.83790E-028   4.67640E-030
  1.13500E+003   3.70240E-028   3.65809E-028   4.43025E-030
  1.14800E+003   3.53257E-028   3.49057E-028   4.19997E-030
  1.16100E+003   3.37201E-028   3.33218E-028   3.98310E-030
  1.17500E+003   3.20705E-028   3.16940E-028   3.76487E-030
  1.18800E+003   3.06436E-028   3.02862E-028   3.57483E-030
  1.20200E+003   2.91947E-028   2.88564E-028   3.38315E-030
  1.21600E+003   2.78123E-028   2.74919E-028   3.20337E-030
  1.23000E+003   2.65252E-028   2.62217E-028   3.03506E-030
  1.24400E+003   2.53089E-028   2.50212E-028   2.87710E-030
  1.25900E+003   2.40668E-028   2.37949E-028   2.71842E-030
  1.27400E+003   2.29122E-028   2.26551E-028   2.57058E-030
  1.28800E+003   2.18967E-028   2.16526E-028   2.44085E-030
  1.30300E+003   2.08544E-028   2.06233E-028   2.31105E-030
  1.31800E+003   1.98867E-028   1.96678E-028   2.18910E-030
  1.33400E+003   1.89158E-028   1.87091E-028   2.06739E-030
  1.34900E+003   1.80431E-028   1.78470E-028   1.96070E-030
  1.36500E+003   1.71793E-028   1.69940E-028   1.85379E-030
  1.38000E+003   1.64161E-028   1.62401E-028   1.76014E-030
  1.39600E+003   1.56365E-028   1.54699E-028   1.66640E-030
  1.41200E+003   1.49110E-028   1.47532E-028   1.57836E-030
  1.42900E+003   1.41858E-028   1.40366E-028   1.49112E-030
  1.44500E+003   1.35330E-028   1.33916E-028   1.41411E-030
  1.46200E+003   1.28891E-028   1.27554E-028   1.33746E-030
  1.47900E+003   1.22820E-028   1.21554E-028   1.26580E-030
  1.49600E+003   1.17030E-028   1.15831E-028   1.19870E-030
  1.51400E+003   1.11330E-028   1.10198E-028   1.13222E-030
  1.53100E+003   1.06253E-028   1.05180E-028   1.07351E-030
  1.54900E+003   1.01126E-028   1.00110E-028   1.01517E-030
  1.56700E+003   9.63572E-029   9.53966E-029   9.60641E-031
  1.58500E+003   9.18713E-029   9.09617E-029   9.09555E-031
  1.60300E+003   8.75654E-029   8.67036E-029   8.61742E-031
  1.62200E+003   8.33621E-029   8.25476E-029   8.14518E-031
  1.64100E+003   7.93911E-029   7.86208E-029   7.70360E-031
  1.66000E+003   7.56064E-029   7.48774E-029   7.29000E-031
  1.67900E+003   7.20951E-029   7.14048E-029   6.90291E-031
  1.69800E+003   6.87795E-029   6.81255E-029   6.54007E-031
  1.71800E+003   6.54433E-029   6.48250E-029   6.18308E-031
  1.73800E+003   6.23417E-029   6.17568E-029   5.84880E-031
  1.75800E+003   5.94252E-029   5.88715E-029   5.53628E-031
  1.77800E+003   5.66348E-029   5.61105E-029   5.24336E-031
  1.79900E+003   5.39186E-029   5.34231E-029   4.95549E-031
  1.82000E+003   5.13590E-029   5.08903E-029   4.68634E-031
  1.84100E+003   4.89134E-029   4.84700E-029   4.43450E-031
  1.86200E+003   4.66443E-029   4.62244E-029   4.19911E-031
  1.88400E+003   4.44025E-029   4.40057E-029   3.96798E-031
  1.90600E+003   4.22632E-029   4.18880E-029   3.75226E-031
  1.92800E+003   4.02794E-029   3.99243E-029   3.55042E-031
  1.95000E+003   3.84074E-029   3.80713E-029   3.36078E-031
  1.97200E+003   3.66158E-029   3.62973E-029   3.18417E-031
  1.99500E+003   3.48793E-029   3.45782E-029   3.01087E-031
  2.01800E+003   3.31941E-029   3.29093E-029   2.84857E-031
  2.04200E+003   3.15557E-029   3.12866E-029   2.69047E-031
  2.06500E+003   3.00760E-029   2.98211E-029   2.54872E-031
  2.08900E+003   2.86061E-029   2.83651E-029   2.41029E-031
  2.11400E+003   2.71803E-029   2.69527E-029   2.27565E-031
  2.13800E+003   2.58954E-029   2.56799E-029   2.15466E-031
  2.16300E+003   2.46178E-029   2.44141E-029   2.03675E-031
  2.18800E+003   2.34308E-029   2.32381E-029   1.92657E-031
  2.21300E+003   2.23122E-029   2.21298E-029   1.82338E-031
  2.23900E+003   2.12024E-029   2.10301E-029   1.72291E-031
  2.26500E+003   2.01750E-029   2.00121E-029   1.62920E-031
  2.29100E+003   1.92067E-029   1.90526E-029   1.54176E-031
  2.31700E+003   1.82829E-029   1.81369E-029   1.45940E-031
  2.34400E+003   1.73908E-029   1.72529E-029   1.37962E-031
  2.37100E+003   1.65509E-029   1.64204E-029   1.30514E-031
  2.39900E+003   1.57232E-029   1.55999E-029   1.23269E-031
  2.42700E+003   1.49547E-029   1.48382E-029   1.16507E-031
  2.45500E+003   1.42313E-029   1.41211E-029   1.10201E-031
  2.48300E+003   1.35407E-029   1.34364E-029   1.04283E-031
  2.51200E+003   1.28762E-029   1.27777E-029   9.85679E-032
  2.54100E+003   1.22508E-029   1.21576E-029   9.32120E-032
  2.57000E+003   1.16559E-029   1.15677E-029   8.81947E-032
  2.60000E+003   1.10844E-029   1.10010E-029   8.33542E-032
  2.63000E+003   1.05463E-029   1.04675E-029   7.88336E-032
  2.66100E+003   1.00165E-029   9.94205E-030   7.44623E-032
  2.69200E+003   9.52467E-030   9.45429E-030   7.03783E-032
  2.72300E+003   9.06331E-030   8.99675E-030   6.65555E-032
  2.75400E+003   8.62307E-030   8.56008E-030   6.29862E-032
  2.78600E+003   8.20072E-030   8.14119E-030   5.95322E-032
  2.81800E+003   7.80322E-030   7.74691E-030   5.63098E-032
  2.85100E+003   7.41738E-030   7.36418E-030   5.32032E-032
  2.88400E+003   7.04975E-030   6.99946E-030   5.02912E-032
  2.91700E+003   6.70947E-030   6.66189E-030   4.75783E-032
  2.95100E+003   6.37942E-030   6.33446E-030   4.49610E-032
  2.98500E+003   6.06474E-030   6.02224E-030   4.25061E-032
  3.02000E+003   5.76406E-030   5.72391E-030   4.01516E-032
  3.05500E+003   5.48120E-030   5.44324E-030   3.79589E-032
  3.09000E+003   5.21493E-030   5.17902E-030   3.59060E-032
  3.12600E+003   4.95486E-030   4.92093E-030   3.39289E-032
  3.16200E+003   4.71335E-030   4.68127E-030   3.20769E-032
  3.19900E+003   4.47982E-030   4.44952E-030   3.03019E-032
  3.23600E+003   4.25730E-030   4.22865E-030   2.86467E-032
  3.27300E+003   4.05063E-030   4.02353E-030   2.70973E-032
  3.31100E+003   3.85085E-030   3.82524E-030   2.56076E-032
  3.35000E+003   3.65863E-030   3.63445E-030   2.41829E-032
  3.38800E+003   3.48037E-030   3.45749E-030   2.28780E-032
  3.42800E+003   3.30543E-030   3.28383E-030   2.16015E-032
  3.46700E+003   3.14556E-030   3.12512E-030   2.04384E-032
  3.50800E+003   2.98607E-030   2.96678E-030   1.92924E-032
  3.54800E+003   2.84107E-030   2.82283E-030   1.82497E-032
  3.58900E+003   2.70173E-030   2.68448E-030   1.72497E-032
  3.63100E+003   2.56694E-030   2.55065E-030   1.62932E-032
  3.67300E+003   2.43906E-030   2.42367E-030   1.53992E-032
  3.71500E+003   2.32030E-030   2.30574E-030   1.45648E-032
  3.75800E+003   2.20589E-030   2.19213E-030   1.37642E-032
  3.80200E+003   2.09580E-030   2.08281E-030   1.29981E-032
  3.84600E+003   1.99138E-030   1.97909E-030   1.22850E-032
  3.89000E+003   1.89402E-030   1.88241E-030   1.16174E-032
  3.93600E+003   1.79871E-030   1.78774E-030   1.09663E-032
  3.98100E+003   1.71101E-030   1.70064E-030   1.03704E-032
  4.02700E+003   1.62558E-030   1.61578E-030   9.80091E-033
  4.07400E+003   1.54459E-030   1.53533E-030   9.25747E-033
  4.12100E+003   1.46841E-030   1.45966E-030   8.75051E-033
  4.16900E+003   1.39557E-030   1.38731E-030   8.26527E-033
  4.21700E+003   1.32617E-030   1.31835E-030   7.81333E-033
  4.26600E+003   1.26014E-030   1.25275E-030   7.38167E-033
  4.31500E+003   1.19830E-030   1.19132E-030   6.97819E-033
  4.36500E+003   1.13894E-030   1.13235E-030   6.59376E-033
  4.41600E+003   1.08130E-030   1.07507E-030   6.22721E-033
  4.46700E+003   1.02805E-030   1.02216E-030   5.88483E-033
  4.51900E+003   9.76759E-031   9.71200E-031   5.55912E-033
  4.57100E+003   9.28745E-031   9.23490E-031   5.25463E-033
  4.62400E+003   8.81923E-031   8.76958E-031   4.96467E-033
  4.67700E+003   8.38654E-031   8.33960E-031   4.69364E-033
  4.73200E+003   7.96447E-031   7.92017E-031   4.43058E-033
  4.78600E+003   7.57465E-031   7.53276E-031   4.18971E-033
  4.84200E+003   7.19152E-031   7.15195E-031   3.95636E-033
  4.89800E+003   6.83437E-031   6.79699E-031   3.73823E-033
  4.95400E+003   6.50002E-031   6.46467E-031   3.53454E-033
  5.01200E+003   6.17286E-031   6.13948E-031   3.33740E-033
  5.07000E+003   5.86668E-031   5.83515E-031   3.15335E-033
  5.12900E+003   5.57036E-031   5.54058E-031   2.97829E-033
  5.18800E+003   5.29526E-031   5.26711E-031   2.81503E-033
  5.24800E+003   5.03216E-031   5.00556E-031   2.65980E-033
  5.30900E+003   4.78191E-031   4.75679E-031   2.51218E-033
  5.37000E+003   4.54242E-031   4.51868E-031   2.37450E-033
  5.43200E+003   4.31762E-031   4.29519E-031   2.24366E-033
  5.49500E+003   4.10285E-031   4.08165E-031   2.11956E-033
  5.55900E+003   3.89674E-031   3.87672E-031   2.00177E-033
  5.62300E+003   3.70395E-031   3.68504E-031   1.89168E-033
  5.68800E+003   3.51750E-031   3.49962E-031   1.78732E-033
  5.75400E+003   3.34272E-031   3.32584E-031   1.68825E-033
  5.82100E+003   3.17510E-031   3.15916E-031   1.59441E-033
  5.88800E+003   3.01752E-031   3.00246E-031   1.50682E-033
  5.95700E+003   2.86389E-031   2.84966E-031   1.42250E-033
  6.02600E+003   2.72138E-031   2.70794E-031   1.34386E-033
  6.09500E+003   2.58735E-031   2.57465E-031   1.27033E-033
  6.16600E+003   2.45767E-031   2.44568E-031   1.19950E-033
  6.23700E+003   2.33578E-031   2.32445E-031   1.13350E-033
  6.31000E+003   2.21653E-031   2.20583E-031   1.07016E-033
  6.38300E+003   2.10590E-031   2.09579E-031   1.01085E-033
  6.45600E+003   2.00245E-031   1.99289E-031   9.55648E-034
  6.53100E+003   1.90194E-031   1.89292E-031   9.02612E-034
  6.60700E+003   1.80676E-031   1.79824E-031   8.52312E-034
  6.68300E+003   1.71614E-031   1.70809E-031   8.05354E-034
  6.76100E+003   1.62988E-031   1.62227E-031   7.60521E-034
  6.83900E+003   1.54880E-031   1.54162E-031   7.18541E-034
  6.91800E+003   1.47160E-031   1.46481E-031   6.78778E-034
  6.99800E+003   1.39811E-031   1.39169E-031   6.41276E-034
  7.08000E+003   1.32645E-031   1.32039E-031   6.05369E-034
  7.16100E+003   1.26116E-031   1.25544E-031   5.72185E-034
  7.24400E+003   1.19788E-031   1.19248E-031   5.40429E-034
  7.32800E+003   1.13805E-031   1.13294E-031   5.10399E-034
  7.41300E+003   1.08114E-031   1.07632E-031   4.82040E-034
  7.49900E+003   1.02635E-031   1.02179E-031   4.55328E-034
  7.58600E+003   9.74935E-032   9.70635E-032   4.30015E-034
  7.67400E+003   9.26064E-032   9.22003E-032   4.06134E-034
  7.76200E+003   8.80124E-032   8.76286E-032   3.83831E-034
  7.85200E+003   8.35954E-032   8.32329E-032   3.62500E-034
  7.94300E+003   7.94240E-032   7.90815E-032   3.42417E-034
  8.03500E+003   7.53857E-032   7.50623E-032   3.23419E-034
  8.12800E+003   7.16228E-032   7.13174E-032   3.05432E-034
  8.22200E+003   6.80478E-032   6.77592E-032   2.88519E-034
  8.31800E+003   6.46166E-032   6.43442E-032   2.72409E-034
  8.41400E+003   6.13927E-032   6.11354E-032   2.57327E-034
  8.51100E+003   5.82921E-032   5.80490E-032   2.43099E-034
  8.61000E+003   5.53570E-032   5.51275E-032   2.29544E-034
  8.71000E+003   5.25718E-032   5.23551E-032   2.16757E-034
  8.81000E+003   4.99700E-032   4.97652E-032   2.04818E-034
  8.91200E+003   4.74596E-032   4.72661E-032   1.93493E-034
  9.01600E+003   4.50698E-032   4.48872E-032   1.82648E-034
  9.12000E+003   4.27961E-032   4.26236E-032   1.72530E-034
  9.22600E+003   4.06330E-032   4.04700E-032   1.62916E-034
  9.33200E+003   3.86131E-032   3.84592E-032   1.53906E-034
  9.44100E+003   3.66615E-032   3.65162E-032   1.45319E-034
  9.55000E+003   3.48277E-032   3.46904E-032   1.37284E-034
  9.66000E+003   3.30997E-032   3.29700E-032   1.29697E-034
  9.77200E+003   3.14141E-032   3.12916E-032   1.22479E-034
  9.88600E+003   2.98234E-032   2.97077E-032   1.15612E-034
  1.00000E+004   2.83385E-032   2.82293E-032   1.09220E-034
  1.01200E+004   2.68647E-032   2.67594E-032   1.05295E-034
  1.02300E+004   2.56015E-032   2.54997E-032   1.01861E-034
  1.03500E+004   2.43053E-032   2.42070E-032   9.82843E-035
  1.04700E+004   2.30721E-032   2.29772E-032   9.48743E-035
  1.05900E+004   2.19207E-032   2.18291E-032   9.16212E-035
  1.07200E+004   2.07640E-032   2.06757E-032   8.82637E-035
  1.08400E+004   1.97571E-032   1.96718E-032   8.53094E-035
  1.09600E+004   1.88079E-032   1.87254E-032   8.24863E-035
  1.10900E+004   1.78411E-032   1.77615E-032   7.95675E-035
  1.12200E+004   1.69288E-032   1.68520E-032   7.67856E-035
  1.13500E+004   1.60768E-032   1.60026E-032   7.41327E-035
  1.14800E+004   1.52817E-032   1.52101E-032   7.16012E-035
  1.16100E+004   1.45282E-032   1.44590E-032   6.91844E-035
  1.17500E+004   1.37719E-032   1.37052E-032   6.67023E-035
  1.18800E+004   1.31120E-032   1.30475E-032   6.45033E-035
  1.20200E+004   1.24353E-032   1.23730E-032   6.22425E-035
  1.21600E+004   1.18080E-032   1.17480E-032   6.00866E-035
  1.23000E+004   1.12187E-032   1.11606E-032   5.80297E-035
  1.24400E+004   1.06644E-032   1.06084E-032   5.60660E-035
  1.25900E+004   1.01110E-032   1.00569E-032   5.40597E-035
  1.27400E+004   9.58816E-033   9.53601E-033   5.21483E-035
  1.28800E+004   9.12376E-033   9.07331E-033   5.04452E-035
  1.30300E+004   8.66471E-033   8.61601E-033   4.87022E-035
  1.31800E+004   8.23374E-033   8.18670E-033   4.70388E-035
  1.33400E+004   7.79948E-033   7.75413E-033   4.53474E-035
  1.34900E+004   7.41930E-033   7.37547E-033   4.38349E-035
  1.36500E+004   7.03857E-033   6.99627E-033   4.22951E-035
  1.38000E+004   6.70311E-033   6.66219E-033   4.09166E-035
  1.39600E+004   6.36200E-033   6.32249E-033   3.95117E-035
  1.41200E+004   6.04561E-033   6.00744E-033   3.81706E-035
  1.42900E+004   5.73004E-033   5.69323E-033   3.68117E-035
  1.44500E+004   5.45307E-033   5.41748E-033   3.55912E-035
  1.46200E+004   5.17455E-033   5.14019E-033   3.43531E-035
  1.47900E+004   4.91282E-033   4.87964E-033   3.31719E-035
  1.49600E+004   4.66604E-033   4.63400E-033   3.20444E-035
  1.51400E+004   4.42346E-033   4.39256E-033   3.09059E-035
  1.53100E+004   4.20678E-033   4.17690E-033   2.98797E-035
  1.54900E+004   3.99285E-033   3.96400E-033   2.88423E-035
  1.56700E+004   3.79198E-033   3.76413E-033   2.78525E-035
  1.58500E+004   3.60325E-033   3.57635E-033   2.69076E-035
  1.60300E+004   3.42573E-033   3.39973E-033   2.60052E-035
  1.62200E+004   3.24758E-033   3.22248E-033   2.50959E-035
  1.64100E+004   3.08246E-033   3.05823E-033   2.42287E-035
  1.66000E+004   2.92759E-033   2.90419E-033   2.34011E-035
  1.67900E+004   2.78302E-033   2.76041E-033   2.26109E-035
  1.69800E+004   2.64593E-033   2.62408E-033   2.18560E-035
  1.71800E+004   2.51040E-033   2.48931E-033   2.10973E-035
  1.73800E+004   2.38408E-033   2.36371E-033   2.03734E-035
  1.75800E+004   2.26416E-033   2.24447E-033   1.96823E-035
  1.77800E+004   2.15177E-033   2.13275E-033   1.90223E-035
  1.79900E+004   2.04184E-033   2.02348E-033   1.83606E-035
  1.82000E+004   1.93867E-033   1.92094E-033   1.77294E-035
  1.84100E+004   1.84178E-033   1.82465E-033   1.71269E-035
  1.86200E+004   1.75071E-033   1.73416E-033   1.65514E-035
  1.88400E+004   1.65992E-033   1.64394E-033   1.59759E-035
  1.90600E+004   1.57579E-033   1.56037E-033   1.54269E-035
  1.92800E+004   1.49689E-033   1.48199E-033   1.49028E-035
  1.95000E+004   1.42261E-033   1.40821E-033   1.44022E-035
  1.97200E+004   1.35278E-033   1.33885E-033   1.39238E-035
  1.99500E+004   1.28474E-033   1.27129E-033   1.34461E-035
  2.01800E+004   1.21947E-033   1.20648E-033   1.29901E-035
  2.04200E+004   1.15691E-033   1.14437E-033   1.25360E-035
  2.06500E+004   1.10005E-033   1.08793E-033   1.21205E-035
  2.08900E+004   1.04478E-033   1.03307E-033   1.17063E-035
  2.11400E+004   9.90791E-034   9.79497E-034   1.12947E-035
  2.13800E+004   9.42077E-034   9.31159E-034   1.09176E-035
  2.16300E+004   8.93798E-034   8.83255E-034   1.05424E-035
  2.18800E+004   8.48632E-034   8.38448E-034   1.01843E-035
  2.21300E+004   8.06581E-034   7.96739E-034   9.84225E-036
  2.23900E+004   7.65882E-034   7.56379E-034   9.50258E-036
  2.26500E+004   7.27316E-034   7.18138E-034   9.17839E-036
  2.29100E+004   6.90595E-034   6.81726E-034   8.86881E-036
  2.31700E+004   6.56510E-034   6.47937E-034   8.57302E-036
  2.34400E+004   6.23594E-034   6.15314E-034   8.27963E-036
  2.37100E+004   5.92336E-034   5.84337E-034   7.99950E-036
  2.39900E+004   5.61907E-034   5.54185E-034   7.72220E-036
  2.42700E+004   5.33291E-034   5.25833E-034   7.45759E-036
  2.45500E+004   5.06749E-034   4.99544E-034   7.20494E-036
  2.48300E+004   4.81523E-034   4.74559E-034   6.96360E-036
  2.51200E+004   4.57242E-034   4.50517E-034   6.72489E-036
  2.54100E+004   4.34425E-034   4.27928E-034   6.49698E-036
  2.57000E+004   4.12714E-034   4.06434E-034   6.27926E-036
  2.60000E+004   3.91878E-034   3.85813E-034   6.06417E-036
  2.63000E+004   3.72303E-034   3.66444E-034   5.85880E-036
  2.66100E+004   3.53076E-034   3.47420E-034   5.65622E-036
  2.69200E+004   3.35253E-034   3.29791E-034   5.46289E-036
  2.72300E+004   3.18510E-034   3.13231E-034   5.27828E-036
  2.75400E+004   3.02752E-034   2.97650E-034   5.10190E-036
  2.78600E+004   2.87478E-034   2.82550E-034   4.92799E-036
  2.81800E+004   2.73286E-034   2.68524E-034   4.76191E-036
  2.85100E+004   2.59219E-034   2.54621E-034   4.59837E-036
  2.88400E+004   2.46318E-034   2.41876E-034   4.44224E-036
  2.91700E+004   2.34038E-034   2.29745E-034   4.29310E-036
  2.95100E+004   2.22156E-034   2.18009E-034   4.14636E-036
  2.98500E+004   2.11254E-034   2.07247E-034   4.00623E-036
  3.02000E+004   1.98579E-034   1.94711E-034   3.86850E-036
  3.05500E+004   1.77324E-034   1.73587E-034   3.73703E-036
  3.09000E+004   1.48913E-034   1.45302E-034   3.61145E-036
  3.12600E+004   1.20634E-034   1.17146E-034   3.48809E-036
  3.16200E+004   9.72598E-035   9.38895E-035   3.37029E-036
  3.19900E+004   7.89740E-035   7.57193E-035   3.25468E-036
  3.23600E+004   6.53029E-035   6.21586E-035   3.14431E-036
  3.27300E+004   5.49675E-035   5.19286E-035   3.03887E-036
  3.31100E+004   4.68871E-035   4.39516E-035   2.93544E-036
  3.35000E+004   4.04635E-035   3.76294E-035   2.83411E-036
  3.38800E+004   3.54809E-035   3.27410E-035   2.73983E-036
  3.42800E+004   3.12706E-035   2.86256E-035   2.64505E-036
  3.46700E+004   2.78930E-035   2.53362E-035   2.55680E-036
  3.50800E+004   2.49673E-035   2.24990E-035   2.46821E-036
  3.54800E+004   2.25525E-035   2.01668E-035   2.38569E-036
  3.58900E+004   2.04637E-035   1.81588E-035   2.30488E-036
  3.63100E+004   1.86129E-035   1.63870E-035   2.22584E-036
  3.67300E+004   1.70149E-035   1.48645E-035   2.15038E-036
  3.71500E+004   1.56322E-035   1.35539E-035   2.07829E-036
  3.75800E+004   1.43765E-035   1.23687E-035   2.00779E-036
  3.80200E+004   1.32445E-035   1.13055E-035   1.93892E-036
  3.84600E+004   1.22512E-035   1.03781E-035   1.87316E-036
  3.89000E+004   1.13595E-035   9.54918E-036   1.81034E-036
  3.93600E+004   1.05266E-035   8.77896E-036   1.74763E-036
  3.98100E+004   9.79183E-036   8.10277E-036   1.68906E-036
