# Wavelength, tau_Ad/NH, tau_PAH/NH, tau_total/NH
# [Microns] [cm^2/H] [cm^2/H] [cm^2/H]
1.0000e-01 8.2469e-22 6.4541e-22 1.4701e-21
1.0127e-01 8.1706e-22 6.2334e-22 1.4404e-21
1.0256e-01 8.0918e-22 6.0170e-22 1.4109e-21
1.0386e-01 8.0124e-22 5.8069e-22 1.3819e-21
1.0518e-01 7.9311e-22 5.6040e-22 1.3535e-21
1.0652e-01 7.8469e-22 5.4076e-22 1.3255e-21
1.0787e-01 7.7594e-22 5.2157e-22 1.2975e-21
1.0924e-01 7.6676e-22 5.0244e-22 1.2692e-21
1.1063e-01 7.5730e-22 4.8307e-22 1.2404e-21
1.1203e-01 7.4768e-22 4.6341e-22 1.2111e-21
1.1346e-01 7.3825e-22 4.4379e-22 1.1820e-21
1.1490e-01 7.2910e-22 4.2459e-22 1.1537e-21
1.1636e-01 7.1936e-22 4.0613e-22 1.1255e-21
1.1783e-01 7.0903e-22 3.8854e-22 1.0976e-21
1.1933e-01 6.9851e-22 3.7181e-22 1.0703e-21
1.2085e-01 6.8785e-22 3.5592e-22 1.0438e-21
1.2238e-01 6.7708e-22 3.4082e-22 1.0179e-21
1.2394e-01 6.6633e-22 3.2649e-22 9.9282e-22
1.2551e-01 6.5571e-22 3.1289e-22 9.6860e-22
1.2711e-01 6.4522e-22 3.0001e-22 9.4523e-22
1.2872e-01 6.3486e-22 2.8784e-22 9.2270e-22
1.3036e-01 6.2470e-22 2.7244e-22 8.9714e-22
1.3201e-01 6.1519e-22 2.6331e-22 8.7850e-22
1.3369e-01 6.0565e-22 2.5500e-22 8.6065e-22
1.3539e-01 5.9595e-22 2.4747e-22 8.4343e-22
1.3711e-01 5.8613e-22 2.4070e-22 8.2683e-22
1.3885e-01 5.7560e-22 2.3465e-22 8.1025e-22
1.4061e-01 5.6456e-22 2.2930e-22 7.9386e-22
1.4240e-01 5.5366e-22 2.2463e-22 7.7830e-22
1.4421e-01 5.4290e-22 2.2062e-22 7.6353e-22
1.4604e-01 5.3226e-22 2.1726e-22 7.4951e-22
1.4790e-01 5.2179e-22 2.1453e-22 7.3632e-22
1.4978e-01 5.1192e-22 2.1248e-22 7.2440e-22
1.5168e-01 5.0263e-22 2.1106e-22 7.1369e-22
1.5361e-01 4.9384e-22 2.1027e-22 7.0410e-22
1.5556e-01 4.8569e-22 2.1011e-22 6.9580e-22
1.5753e-01 4.7845e-22 2.1061e-22 6.8906e-22
1.5954e-01 4.7198e-22 2.1176e-22 6.8375e-22
1.6156e-01 4.6622e-22 2.1361e-22 6.7983e-22
1.6361e-01 4.6109e-22 2.1617e-22 6.7727e-22
1.6569e-01 4.5679e-22 2.1949e-22 6.7628e-22
1.6780e-01 4.5350e-22 2.2360e-22 6.7710e-22
1.6993e-01 4.5073e-22 2.2859e-22 6.7933e-22
1.7209e-01 4.4841e-22 2.3439e-22 6.8279e-22
1.7427e-01 4.4648e-22 2.4100e-22 6.8748e-22
1.7649e-01 4.4483e-22 2.4857e-22 6.9340e-22
1.7873e-01 4.4329e-22 2.5727e-22 7.0055e-22
1.8100e-01 4.4187e-22 2.6727e-22 7.0914e-22
1.8330e-01 4.4063e-22 2.7879e-22 7.1942e-22
1.8563e-01 4.3966e-22 2.9208e-22 7.3174e-22
1.8799e-01 4.3896e-22 3.0737e-22 7.4633e-22
1.9038e-01 4.3825e-22 3.2494e-22 7.6319e-22
1.9279e-01 4.3790e-22 3.4506e-22 7.8296e-22
1.9524e-01 4.3785e-22 3.6798e-22 8.0583e-22
1.9772e-01 4.3767e-22 3.9364e-22 8.3131e-22
2.0024e-01 4.3741e-22 4.2186e-22 8.5927e-22
2.0278e-01 4.3736e-22 4.5201e-22 8.8937e-22
2.0536e-01 4.3731e-22 4.8298e-22 9.2029e-22
2.0797e-01 4.3704e-22 5.1295e-22 9.4999e-22
2.1061e-01 4.3676e-22 5.3947e-22 9.7623e-22
2.1328e-01 4.3659e-22 5.5971e-22 9.9631e-22
2.1599e-01 4.3631e-22 5.7105e-22 1.0074e-21
2.1874e-01 4.3590e-22 5.7179e-22 1.0077e-21
2.2152e-01 4.3554e-22 5.6101e-22 9.9655e-22
2.2433e-01 4.3525e-22 5.4086e-22 9.7611e-22
2.2718e-01 4.3483e-22 5.1403e-22 9.4886e-22
2.3007e-01 4.3427e-22 4.8334e-22 9.1760e-22
2.3299e-01 4.3373e-22 4.5130e-22 8.8502e-22
2.3595e-01 4.3321e-22 4.1979e-22 8.5300e-22
2.3895e-01 4.3258e-22 3.9004e-22 8.2262e-22
2.4198e-01 4.3184e-22 3.6271e-22 7.9455e-22
2.4506e-01 4.3110e-22 3.3805e-22 7.6915e-22
2.4817e-01 4.3038e-22 3.1606e-22 7.4644e-22
2.5132e-01 4.2957e-22 2.9664e-22 7.2621e-22
2.5451e-01 4.2863e-22 2.7956e-22 7.0819e-22
2.5775e-01 4.2767e-22 2.6452e-22 6.9219e-22
2.6102e-01 4.2670e-22 2.5127e-22 6.7797e-22
2.6434e-01 4.2567e-22 2.3958e-22 6.6525e-22
2.6770e-01 4.2453e-22 2.2926e-22 6.5379e-22
2.7110e-01 4.2335e-22 2.2011e-22 6.4346e-22
2.7454e-01 4.2215e-22 2.1199e-22 6.3414e-22
2.7803e-01 4.2092e-22 2.0475e-22 6.2567e-22
2.8156e-01 4.1956e-22 1.9829e-22 6.1785e-22
2.8514e-01 4.1815e-22 1.9251e-22 6.1066e-22
2.8876e-01 4.1671e-22 1.8734e-22 6.0404e-22
2.9243e-01 4.1521e-22 1.8267e-22 5.9788e-22
2.9614e-01 4.1363e-22 1.7845e-22 5.9208e-22
2.9991e-01 4.1197e-22 1.7463e-22 5.8660e-22
3.0372e-01 4.1028e-22 1.7053e-22 5.8081e-22
3.0758e-01 4.0855e-22 1.6563e-22 5.7418e-22
3.1148e-01 4.0675e-22 1.6060e-22 5.6736e-22
3.1544e-01 4.0488e-22 1.5570e-22 5.6058e-22
3.1945e-01 4.0296e-22 1.5092e-22 5.5387e-22
3.2351e-01 4.0099e-22 1.4624e-22 5.4723e-22
3.2762e-01 3.9896e-22 1.4168e-22 5.4064e-22
3.3178e-01 3.9685e-22 1.3722e-22 5.3407e-22
3.3599e-01 3.9468e-22 1.3287e-22 5.2755e-22
3.4026e-01 3.9247e-22 1.2861e-22 5.2108e-22
3.4458e-01 3.9023e-22 1.2445e-22 5.1468e-22
3.4896e-01 3.8788e-22 1.2039e-22 5.0827e-22
3.5339e-01 3.8548e-22 1.1641e-22 5.0190e-22
3.5788e-01 3.8306e-22 1.1253e-22 4.9559e-22
3.6243e-01 3.8058e-22 1.0873e-22 4.8931e-22
3.6704e-01 3.7806e-22 1.0501e-22 4.8307e-22
3.7170e-01 3.7545e-22 1.0137e-22 4.7682e-22
3.7642e-01 3.7278e-22 9.7796e-23 4.7057e-22
3.8120e-01 3.7006e-22 9.4295e-23 4.6436e-22
3.8605e-01 3.6731e-22 9.0864e-23 4.5818e-22
3.9095e-01 3.6448e-22 8.7500e-23 4.5198e-22
3.9592e-01 3.6164e-22 8.4204e-23 4.4584e-22
4.0095e-01 3.5873e-22 8.0980e-23 4.3971e-22
4.0604e-01 3.5580e-22 7.7835e-23 4.3363e-22
4.1120e-01 3.5279e-22 7.4775e-23 4.2756e-22
4.1642e-01 3.4974e-22 7.1804e-23 4.2155e-22
4.2171e-01 3.4665e-22 6.8926e-23 4.1558e-22
4.2707e-01 3.4351e-22 6.6144e-23 4.0965e-22
4.3250e-01 3.4033e-22 6.3460e-23 4.0379e-22
4.3799e-01 3.3712e-22 6.0867e-23 3.9799e-22
4.4355e-01 3.3384e-22 5.8352e-23 3.9220e-22
4.4919e-01 3.3054e-22 5.5902e-23 3.8644e-22
4.5490e-01 3.2719e-22 5.3507e-23 3.8070e-22
4.6068e-01 3.2383e-22 5.1159e-23 3.7499e-22
4.6653e-01 3.2042e-22 4.8856e-23 3.6928e-22
4.7245e-01 3.1697e-22 4.6601e-23 3.6357e-22
4.7846e-01 3.1350e-22 4.4403e-23 3.5790e-22
4.8454e-01 3.1003e-22 4.2269e-23 3.5230e-22
4.9069e-01 3.0647e-22 4.0205e-23 3.4667e-22
4.9692e-01 3.0289e-22 3.8218e-23 3.4111e-22
5.0324e-01 2.9933e-22 3.6311e-23 3.3564e-22
5.0963e-01 2.9572e-22 3.4485e-23 3.3020e-22
5.1611e-01 2.9208e-22 3.2741e-23 3.2482e-22
5.2266e-01 2.8847e-22 3.1075e-23 3.1954e-22
5.2930e-01 2.8483e-22 2.9482e-23 3.1431e-22
5.3603e-01 2.8119e-22 2.7957e-23 3.0914e-22
5.4284e-01 2.7750e-22 2.6495e-23 3.0399e-22
5.4973e-01 2.7378e-22 2.5090e-23 2.9887e-22
5.5672e-01 2.7009e-22 2.3740e-23 2.9383e-22
5.6379e-01 2.6634e-22 2.2445e-23 2.8879e-22
5.7095e-01 2.6258e-22 2.1207e-23 2.8379e-22
5.7821e-01 2.5882e-22 2.0026e-23 2.7884e-22
5.8555e-01 2.5504e-22 1.8902e-23 2.7395e-22
5.9299e-01 2.5127e-22 1.7836e-23 2.6910e-22
6.0052e-01 2.4752e-22 1.6826e-23 2.6434e-22
6.0815e-01 2.4375e-22 1.5871e-23 2.5962e-22
6.1588e-01 2.4001e-22 1.4968e-23 2.5498e-22
6.2370e-01 2.3628e-22 1.4114e-23 2.5039e-22
6.3163e-01 2.3250e-22 1.3304e-23 2.4581e-22
6.3965e-01 2.2877e-22 1.2539e-23 2.4131e-22
6.4778e-01 2.2505e-22 1.1816e-23 2.3687e-22
6.5601e-01 2.2134e-22 1.1134e-23 2.3248e-22
6.6434e-01 2.1762e-22 1.0493e-23 2.2811e-22
6.7278e-01 2.1391e-22 9.8901e-24 2.2380e-22
6.8133e-01 2.1021e-22 9.3254e-24 2.1954e-22
6.8998e-01 2.0654e-22 8.7973e-24 2.1534e-22
6.9875e-01 2.0287e-22 8.3046e-24 2.1117e-22
7.0763e-01 1.9924e-22 7.8459e-24 2.0709e-22
7.1662e-01 1.9563e-22 7.4190e-24 2.0305e-22
7.2572e-01 1.9202e-22 7.0221e-24 1.9904e-22
7.3494e-01 1.8845e-22 6.6528e-24 1.9511e-22
7.4428e-01 1.8492e-22 6.3089e-24 1.9123e-22
7.5373e-01 1.8139e-22 5.9886e-24 1.8738e-22
7.6331e-01 1.7789e-22 5.6901e-24 1.8358e-22
7.7300e-01 1.7441e-22 5.4119e-24 1.7982e-22
7.8282e-01 1.7097e-22 5.1530e-24 1.7612e-22
7.9277e-01 1.6755e-22 4.9122e-24 1.7246e-22
8.0284e-01 1.6418e-22 4.6885e-24 1.6887e-22
8.1304e-01 1.6081e-22 4.4809e-24 1.6530e-22
8.2337e-01 1.5752e-22 4.2890e-24 1.6180e-22
8.3383e-01 1.5424e-22 4.1125e-24 1.5835e-22
8.4442e-01 1.5099e-22 3.9514e-24 1.5494e-22
8.5515e-01 1.4778e-22 3.8056e-24 1.5159e-22
8.6601e-01 1.4461e-22 3.6753e-24 1.4828e-22
8.7702e-01 1.4147e-22 3.5600e-24 1.4503e-22
8.8816e-01 1.3836e-22 3.4596e-24 1.4182e-22
8.9944e-01 1.3529e-22 3.3739e-24 1.3867e-22
9.1087e-01 1.3227e-22 3.3036e-24 1.3557e-22
9.2244e-01 1.2928e-22 3.2502e-24 1.3253e-22
9.3416e-01 1.2631e-22 3.2186e-24 1.2953e-22
9.4603e-01 1.2341e-22 3.2138e-24 1.2662e-22
9.5805e-01 1.2052e-22 3.2461e-24 1.2377e-22
9.7022e-01 1.1767e-22 3.3338e-24 1.2101e-22
9.8254e-01 1.1484e-22 3.5097e-24 1.1835e-22
9.9502e-01 1.1199e-22 3.8353e-24 1.1583e-22
1.0077e+00 1.0924e-22 4.4250e-24 1.1366e-22
1.0205e+00 1.0662e-22 5.4694e-24 1.1209e-22
1.0334e+00 1.0408e-22 7.0952e-24 1.1117e-22
1.0466e+00 1.0157e-22 8.5429e-24 1.1012e-22
1.0599e+00 9.9121e-23 7.9513e-24 1.0707e-22
1.0733e+00 9.6745e-23 6.1179e-24 1.0286e-22
1.0870e+00 9.4430e-23 4.6827e-24 9.9113e-23
1.1008e+00 9.2185e-23 3.8098e-24 9.5994e-23
1.1147e+00 8.9989e-23 3.2948e-24 9.3283e-23
1.1289e+00 8.7846e-23 2.9867e-24 9.0832e-23
1.1433e+00 8.5765e-23 2.8043e-24 8.8569e-23
1.1578e+00 8.3742e-23 2.7072e-24 8.6449e-23
1.1725e+00 8.1767e-23 2.6765e-24 8.4443e-23
1.1874e+00 7.9821e-23 2.7052e-24 8.2526e-23
1.2025e+00 7.7932e-23 2.7908e-24 8.0723e-23
1.2177e+00 7.6073e-23 2.9245e-24 7.8997e-23
1.2332e+00 7.4271e-23 3.0699e-24 7.7341e-23
1.2489e+00 7.2518e-23 3.1631e-24 7.5682e-23
1.2647e+00 7.0795e-23 3.1364e-24 7.3931e-23
1.2808e+00 6.9060e-23 2.9749e-24 7.2035e-23
1.2971e+00 6.7428e-23 2.7305e-24 7.0159e-23
1.3136e+00 6.5919e-23 2.4711e-24 6.8390e-23
1.3303e+00 6.4408e-23 2.2378e-24 6.6645e-23
1.3472e+00 6.2888e-23 2.0435e-24 6.4932e-23
1.3643e+00 6.1360e-23 1.8858e-24 6.3246e-23
1.3816e+00 5.9775e-23 1.7585e-24 6.1534e-23
1.3991e+00 5.8235e-23 1.6539e-24 5.9889e-23
1.4169e+00 5.6763e-23 1.5663e-24 5.8329e-23
1.4349e+00 5.5346e-23 1.4915e-24 5.6838e-23
1.4532e+00 5.3982e-23 1.4265e-24 5.5408e-23
1.4716e+00 5.2652e-23 1.3690e-24 5.4021e-23
1.4903e+00 5.1365e-23 1.3175e-24 5.2682e-23
1.5092e+00 5.0116e-23 1.2707e-24 5.1387e-23
1.5284e+00 4.8895e-23 1.2277e-24 5.0123e-23
1.5478e+00 4.7713e-23 1.1879e-24 4.8900e-23
1.5675e+00 4.6571e-23 1.1507e-24 4.7721e-23
1.5874e+00 4.5454e-23 1.1158e-24 4.6569e-23
1.6076e+00 4.4372e-23 1.0826e-24 4.5454e-23
1.6280e+00 4.3320e-23 1.0511e-24 4.4371e-23
1.6487e+00 4.2300e-23 1.0209e-24 4.3321e-23
1.6696e+00 4.1309e-23 9.9188e-25 4.2301e-23
1.6908e+00 4.0350e-23 9.6378e-25 4.1313e-23
1.7123e+00 3.9426e-23 9.3644e-25 4.0362e-23
1.7341e+00 3.8528e-23 9.0964e-25 3.9438e-23
1.7561e+00 3.7664e-23 8.8310e-25 3.8547e-23
1.7784e+00 3.6828e-23 8.5646e-25 3.7685e-23
1.8010e+00 3.6022e-23 8.2912e-25 3.6851e-23
1.8239e+00 3.5247e-23 8.0066e-25 3.6048e-23
1.8471e+00 3.4502e-23 7.7102e-25 3.5273e-23
1.8705e+00 3.3785e-23 7.4153e-25 3.4526e-23
1.8943e+00 3.3095e-23 7.1574e-25 3.3811e-23
1.9184e+00 3.2434e-23 6.9708e-25 3.3131e-23
1.9427e+00 3.1804e-23 6.8514e-25 3.2489e-23
1.9674e+00 3.1201e-23 6.7625e-25 3.1878e-23
1.9924e+00 3.0621e-23 6.6711e-25 3.1288e-23
2.0177e+00 3.0069e-23 6.5654e-25 3.0725e-23
2.0433e+00 2.9544e-23 6.4459e-25 3.0188e-23
2.0693e+00 2.9041e-23 6.3179e-25 2.9673e-23
2.0956e+00 2.8557e-23 6.1853e-25 2.9175e-23
2.1222e+00 2.8098e-23 6.0506e-25 2.8703e-23
2.1492e+00 2.7654e-23 5.9155e-25 2.8245e-23
2.1765e+00 2.7228e-23 5.7812e-25 2.7806e-23
2.2041e+00 2.6817e-23 5.6484e-25 2.7382e-23
2.2321e+00 2.6421e-23 5.5176e-25 2.6973e-23
2.2605e+00 2.6040e-23 5.3891e-25 2.6579e-23
2.2892e+00 2.5671e-23 5.2632e-25 2.6197e-23
2.3183e+00 2.5317e-23 5.1398e-25 2.5831e-23
2.3477e+00 2.4976e-23 5.0191e-25 2.5478e-23
2.3776e+00 2.4659e-23 4.9011e-25 2.5149e-23
2.4078e+00 2.4352e-23 4.7859e-25 2.4831e-23
2.4384e+00 2.4053e-23 4.6733e-25 2.4521e-23
2.4693e+00 2.3763e-23 4.5634e-25 2.4219e-23
2.5007e+00 2.3490e-23 4.4562e-25 2.3935e-23
2.5325e+00 2.3232e-23 4.3516e-25 2.3667e-23
2.5647e+00 2.2981e-23 4.2495e-25 2.3406e-23
2.5972e+00 2.2749e-23 4.1499e-25 2.3164e-23
2.6302e+00 2.2527e-23 4.0529e-25 2.2933e-23
2.6636e+00 2.2326e-23 3.9583e-25 2.2721e-23
2.6975e+00 2.2120e-23 3.8661e-25 2.2507e-23
2.7318e+00 2.1942e-23 3.7763e-25 2.2319e-23
2.7665e+00 2.1761e-23 3.6889e-25 2.2130e-23
2.8016e+00 2.1602e-23 3.6038e-25 2.1963e-23
2.8372e+00 2.1455e-23 3.5212e-25 2.1807e-23
2.8732e+00 2.1320e-23 3.4410e-25 2.1665e-23
2.9097e+00 2.1194e-23 3.3633e-25 2.1530e-23
2.9467e+00 2.1082e-23 3.2885e-25 2.1411e-23
2.9841e+00 2.0974e-23 3.2168e-25 2.1296e-23
3.0221e+00 2.0881e-23 3.1490e-25 2.1196e-23
3.0605e+00 2.0774e-23 3.0866e-25 2.1082e-23
3.0993e+00 2.0655e-23 3.0328e-25 2.0959e-23
3.1387e+00 2.0530e-23 2.9949e-25 2.0829e-23
3.1786e+00 2.0387e-23 2.9954e-25 2.0687e-23
3.2190e+00 2.0241e-23 3.1239e-25 2.0553e-23
3.2599e+00 2.0083e-23 4.0013e-25 2.0484e-23
3.3013e+00 1.9944e-23 6.2227e-25 2.0567e-23
3.3432e+00 2.0116e-23 3.6969e-25 2.0486e-23
3.3857e+00 2.0936e-23 2.8416e-25 2.1220e-23
3.4287e+00 2.0843e-23 2.6152e-25 2.1104e-23
3.4723e+00 2.0590e-23 2.5005e-25 2.0840e-23
3.5164e+00 1.9967e-23 2.4179e-25 2.0209e-23
3.5610e+00 1.9404e-23 2.3494e-25 1.9638e-23
3.6063e+00 1.8814e-23 2.2884e-25 1.9043e-23
3.6521e+00 1.8494e-23 2.2321e-25 1.8717e-23
3.6985e+00 1.8292e-23 2.1791e-25 1.8510e-23
3.7455e+00 1.8101e-23 2.1286e-25 1.8314e-23
3.7931e+00 1.7922e-23 2.0803e-25 1.8130e-23
3.8412e+00 1.7757e-23 2.0338e-25 1.7960e-23
3.8900e+00 1.7588e-23 1.9889e-25 1.7787e-23
3.9395e+00 1.7432e-23 1.9457e-25 1.7627e-23
3.9895e+00 1.7289e-23 1.9039e-25 1.7479e-23
4.0402e+00 1.7148e-23 1.8636e-25 1.7334e-23
4.0915e+00 1.7013e-23 1.8246e-25 1.7195e-23
4.1435e+00 1.6886e-23 1.7870e-25 1.7065e-23
4.1961e+00 1.6767e-23 1.7508e-25 1.6942e-23
4.2495e+00 1.6659e-23 1.7159e-25 1.6831e-23
4.3034e+00 1.6557e-23 1.6823e-25 1.6725e-23
4.3581e+00 1.6464e-23 1.6502e-25 1.6629e-23
4.4135e+00 1.6373e-23 1.6194e-25 1.6535e-23
4.4695e+00 1.6292e-23 1.5902e-25 1.6451e-23
4.5263e+00 1.6220e-23 1.5626e-25 1.6377e-23
4.5838e+00 1.6152e-23 1.5367e-25 1.6305e-23
4.6421e+00 1.6089e-23 1.5126e-25 1.6241e-23
4.7010e+00 1.6030e-23 1.4908e-25 1.6179e-23
4.7608e+00 1.5975e-23 1.4715e-25 1.6122e-23
4.8212e+00 1.5920e-23 1.4554e-25 1.6066e-23
4.8825e+00 1.5870e-23 1.4438e-25 1.6015e-23
4.9445e+00 1.5822e-23 1.4386e-25 1.5966e-23
5.0073e+00 1.5773e-23 1.4441e-25 1.5917e-23
5.0710e+00 1.5723e-23 1.4703e-25 1.5870e-23
5.1354e+00 1.5673e-23 1.5471e-25 1.5828e-23
5.2006e+00 1.5622e-23 1.7244e-25 1.5794e-23
5.2667e+00 1.5570e-23 1.9029e-25 1.5760e-23
5.3336e+00 1.5518e-23 1.7829e-25 1.5696e-23
5.4014e+00 1.5465e-23 1.6258e-25 1.5628e-23
5.4700e+00 1.5417e-23 1.6020e-25 1.5577e-23
5.5395e+00 1.5367e-23 1.7008e-25 1.5537e-23
5.6098e+00 1.5313e-23 1.9793e-25 1.5511e-23
5.6811e+00 1.5260e-23 2.3951e-25 1.5499e-23
5.7533e+00 1.5206e-23 2.3128e-25 1.5437e-23
5.8264e+00 1.5146e-23 2.0797e-25 1.5354e-23
5.9004e+00 1.5093e-23 2.1432e-25 1.5307e-23
5.9754e+00 1.5039e-23 2.5307e-25 1.5292e-23
6.0513e+00 1.4983e-23 3.5265e-25 1.5336e-23
6.1281e+00 1.4927e-23 6.0082e-25 1.5528e-23
6.2060e+00 1.4871e-23 9.3062e-25 1.5802e-23
6.2848e+00 1.4813e-23 7.4213e-25 1.5555e-23
6.3647e+00 1.4756e-23 4.4534e-25 1.5202e-23
6.4455e+00 1.4701e-23 3.2667e-25 1.5027e-23
6.5274e+00 1.4641e-23 2.9463e-25 1.4935e-23
6.6104e+00 1.4582e-23 2.9831e-25 1.4881e-23
6.6943e+00 1.4524e-23 3.0483e-25 1.4829e-23
6.7794e+00 1.4548e-23 2.9878e-25 1.4846e-23
6.8655e+00 1.4630e-23 2.9075e-25 1.4921e-23
6.9527e+00 1.4381e-23 2.9411e-25 1.4675e-23
7.0411e+00 1.4284e-23 3.1338e-25 1.4598e-23
7.1305e+00 1.4222e-23 3.4951e-25 1.4572e-23
7.2211e+00 1.4162e-23 4.0427e-25 1.4566e-23
7.3128e+00 1.4095e-23 4.8385e-25 1.4579e-23
7.4057e+00 1.4032e-23 6.0685e-25 1.4639e-23
7.4998e+00 1.3970e-23 8.0426e-25 1.4774e-23
7.5951e+00 1.3901e-23 9.8406e-25 1.4885e-23
7.6916e+00 1.3828e-23 9.7578e-25 1.4803e-23
7.7893e+00 1.3734e-23 9.2901e-25 1.4663e-23
7.8883e+00 1.3737e-23 8.3058e-25 1.4568e-23
7.9885e+00 1.3899e-23 6.3927e-25 1.4538e-23
8.0900e+00 1.4232e-23 4.7626e-25 1.4708e-23
8.1927e+00 1.4756e-23 3.8604e-25 1.5142e-23
8.2968e+00 1.5633e-23 3.4921e-25 1.5983e-23
8.4022e+00 1.6567e-23 3.4668e-25 1.6913e-23
8.5090e+00 1.7431e-23 3.9228e-25 1.7823e-23
8.6171e+00 1.7910e-23 4.2565e-25 1.8335e-23
8.7265e+00 1.8930e-23 3.2177e-25 1.9251e-23
8.8374e+00 2.0768e-23 2.2161e-25 2.0990e-23
8.9497e+00 2.2585e-23 1.6703e-25 2.2752e-23
9.0634e+00 2.4348e-23 1.3676e-25 2.4485e-23
9.1785e+00 2.6227e-23 1.1813e-25 2.6345e-23
9.2951e+00 2.8036e-23 1.0556e-25 2.8142e-23
9.4132e+00 2.9515e-23 9.6511e-26 2.9612e-23
9.5328e+00 3.0553e-23 8.9689e-26 3.0642e-23
9.6539e+00 3.1142e-23 8.4393e-26 3.1227e-23
9.7765e+00 3.1292e-23 8.0232e-26 3.1373e-23
9.9007e+00 3.1004e-23 7.6971e-26 3.1081e-23
1.0027e+01 3.0327e-23 7.4451e-26 3.0402e-23
1.0154e+01 2.9334e-23 7.2627e-26 2.9406e-23
1.0283e+01 2.8185e-23 7.1546e-26 2.8257e-23
1.0414e+01 2.7033e-23 7.1402e-26 2.7104e-23
1.0546e+01 2.5929e-23 7.2759e-26 2.6002e-23
1.0680e+01 2.4868e-23 7.6213e-26 2.4944e-23
1.0815e+01 2.3835e-23 8.2514e-26 2.3918e-23
1.0953e+01 2.2801e-23 9.8268e-26 2.2899e-23
1.1092e+01 2.1736e-23 1.4622e-25 2.1883e-23
1.1233e+01 2.0589e-23 3.1422e-25 2.0903e-23
1.1376e+01 1.9397e-23 2.3540e-25 1.9632e-23
1.1520e+01 1.8346e-23 1.5654e-25 1.8502e-23
1.1667e+01 1.7405e-23 1.1920e-25 1.7524e-23
1.1815e+01 1.6515e-23 1.1715e-25 1.6632e-23
1.1965e+01 1.5624e-23 1.2379e-25 1.5747e-23
1.2117e+01 1.4738e-23 1.1855e-25 1.4857e-23
1.2271e+01 1.3923e-23 1.1309e-25 1.4037e-23
1.2427e+01 1.3254e-23 1.2564e-25 1.3380e-23
1.2585e+01 1.2808e-23 1.4971e-25 1.2957e-23
1.2744e+01 1.2598e-23 1.3631e-25 1.2734e-23
1.2906e+01 1.2498e-23 9.8934e-26 1.2597e-23
1.3070e+01 1.2373e-23 8.1619e-26 1.2455e-23
1.3236e+01 1.2275e-23 7.6984e-26 1.2352e-23
1.3404e+01 1.2179e-23 7.8383e-26 1.2257e-23
1.3575e+01 1.2091e-23 7.4127e-26 1.2165e-23
1.3747e+01 1.2021e-23 6.4624e-26 1.2086e-23
1.3922e+01 1.1977e-23 5.9246e-26 1.2037e-23
1.4099e+01 1.1964e-23 6.0201e-26 1.2025e-23
1.4278e+01 1.1984e-23 5.7353e-26 1.2041e-23
1.4459e+01 1.2045e-23 5.0643e-26 1.2095e-23
1.4643e+01 1.2153e-23 4.7593e-26 1.2201e-23
1.4829e+01 1.2315e-23 4.5991e-26 1.2361e-23
1.5017e+01 1.2528e-23 4.4993e-26 1.2573e-23
1.5208e+01 1.2785e-23 4.4355e-26 1.2829e-23
1.5401e+01 1.3081e-23 4.4029e-26 1.3125e-23
1.5597e+01 1.3408e-23 4.4119e-26 1.3452e-23
1.5795e+01 1.3753e-23 4.5011e-26 1.3798e-23
1.5996e+01 1.4111e-23 4.6192e-26 1.4157e-23
1.6199e+01 1.4469e-23 4.9466e-26 1.4518e-23
1.6405e+01 1.4816e-23 6.4927e-26 1.4881e-23
1.6613e+01 1.5137e-23 5.9363e-26 1.5196e-23
1.6824e+01 1.5421e-23 5.9843e-26 1.5481e-23
1.7038e+01 1.5655e-23 6.1703e-26 1.5717e-23
1.7254e+01 1.5835e-23 6.0762e-26 1.5896e-23
1.7474e+01 1.5960e-23 5.4851e-26 1.6015e-23
1.7696e+01 1.6030e-23 4.7308e-26 1.6077e-23
1.7921e+01 1.6044e-23 4.3185e-26 1.6087e-23
1.8148e+01 1.6002e-23 3.9127e-26 1.6042e-23
1.8379e+01 1.5904e-23 3.6670e-26 1.5941e-23
1.8612e+01 1.5750e-23 3.5475e-26 1.5785e-23
1.8849e+01 1.5538e-23 3.5949e-26 1.5574e-23
1.9088e+01 1.5271e-23 3.4124e-26 1.5305e-23
1.9331e+01 1.4970e-23 3.1951e-26 1.5002e-23
1.9576e+01 1.4634e-23 3.0810e-26 1.4665e-23
1.9825e+01 1.4281e-23 2.9953e-26 1.4311e-23
2.0077e+01 1.3943e-23 2.9213e-26 1.3972e-23
2.0332e+01 1.3635e-23 2.8541e-26 1.3664e-23
2.0590e+01 1.3343e-23 2.7917e-26 1.3371e-23
2.0852e+01 1.3070e-23 2.7330e-26 1.3098e-23
2.1117e+01 1.2811e-23 2.6772e-26 1.2837e-23
2.1385e+01 1.2548e-23 2.6241e-26 1.2574e-23
2.1657e+01 1.2284e-23 2.5732e-26 1.2309e-23
2.1932e+01 1.2011e-23 2.5244e-26 1.2036e-23
2.2210e+01 1.1719e-23 2.4774e-26 1.1744e-23
2.2492e+01 1.1412e-23 2.4321e-26 1.1436e-23
2.2778e+01 1.1097e-23 2.3884e-26 1.1120e-23
2.3068e+01 1.0769e-23 2.3461e-26 1.0792e-23
2.3361e+01 1.0448e-23 2.3053e-26 1.0471e-23
2.3657e+01 1.0134e-23 2.2658e-26 1.0157e-23
2.3958e+01 9.8312e-24 2.2276e-26 9.8535e-24
2.4262e+01 9.5389e-24 2.1905e-26 9.5608e-24
2.4571e+01 9.2596e-24 2.1546e-26 9.2812e-24
2.4883e+01 8.9855e-24 2.1198e-26 9.0067e-24
2.5199e+01 8.7221e-24 2.0861e-26 8.7430e-24
2.5519e+01 8.4725e-24 2.0533e-26 8.4931e-24
2.5843e+01 8.2292e-24 2.0215e-26 8.2494e-24
2.6171e+01 7.9913e-24 1.9906e-26 8.0112e-24
2.6504e+01 7.7608e-24 1.9605e-26 7.7804e-24
2.6841e+01 7.5420e-24 1.9313e-26 7.5613e-24
2.7182e+01 7.3242e-24 1.9028e-26 7.3432e-24
2.7527e+01 7.1163e-24 1.8752e-26 7.1351e-24
2.7877e+01 6.9124e-24 1.8482e-26 6.9309e-24
2.8231e+01 6.7147e-24 1.8220e-26 6.7329e-24
2.8589e+01 6.5230e-24 1.7964e-26 6.5409e-24
2.8953e+01 6.3377e-24 1.7715e-26 6.3554e-24
2.9321e+01 6.1575e-24 1.7471e-26 6.1749e-24
2.9693e+01 5.9820e-24 1.7234e-26 5.9992e-24
3.0070e+01 5.8142e-24 1.7002e-26 5.8312e-24
3.0452e+01 5.6496e-24 1.6775e-26 5.6663e-24
3.0839e+01 5.4888e-24 1.6553e-26 5.5053e-24
3.1231e+01 5.3328e-24 1.6337e-26 5.3491e-24
3.1628e+01 5.1827e-24 1.6124e-26 5.1988e-24
3.2029e+01 5.0367e-24 1.5917e-26 5.0526e-24
3.2436e+01 4.8921e-24 1.5713e-26 4.9078e-24
3.2848e+01 4.7558e-24 1.5514e-26 4.7713e-24
3.3266e+01 4.6238e-24 1.5318e-26 4.6391e-24
3.3688e+01 4.4916e-24 1.5126e-26 4.5068e-24
3.4116e+01 4.3651e-24 1.4938e-26 4.3801e-24
3.4550e+01 4.2438e-24 1.4753e-26 4.2585e-24
3.4989e+01 4.1240e-24 1.4571e-26 4.1386e-24
3.5433e+01 4.0088e-24 1.4393e-26 4.0232e-24
3.5883e+01 3.8979e-24 1.4217e-26 3.9122e-24
3.6339e+01 3.7899e-24 1.4044e-26 3.8040e-24
3.6801e+01 3.6827e-24 1.3874e-26 3.6966e-24
3.7268e+01 3.5811e-24 1.3706e-26 3.5948e-24
3.7742e+01 3.4811e-24 1.3541e-26 3.4946e-24
3.8221e+01 3.3834e-24 1.3378e-26 3.3968e-24
3.8707e+01 3.2898e-24 1.3218e-26 3.3030e-24
3.9199e+01 3.1987e-24 1.3059e-26 3.2117e-24
3.9697e+01 3.1099e-24 1.2903e-26 3.1228e-24
4.0201e+01 3.0253e-24 1.2748e-26 3.0380e-24
4.0712e+01 2.9396e-24 1.2596e-26 2.9522e-24
4.1229e+01 2.8596e-24 1.2445e-26 2.8721e-24
4.1753e+01 2.7818e-24 1.2296e-26 2.7941e-24
4.2283e+01 2.7040e-24 1.2149e-26 2.7162e-24
4.2820e+01 2.6289e-24 1.2003e-26 2.6409e-24
4.3364e+01 2.5570e-24 1.1859e-26 2.5689e-24
4.3915e+01 2.4869e-24 1.1716e-26 2.4986e-24
4.4473e+01 2.4196e-24 1.1574e-26 2.4311e-24
4.5038e+01 2.3523e-24 1.1434e-26 2.3637e-24
4.5610e+01 2.2881e-24 1.1295e-26 2.2994e-24
4.6190e+01 2.2264e-24 1.1158e-26 2.2375e-24
4.6777e+01 2.1660e-24 1.1021e-26 2.1770e-24
4.7371e+01 2.1071e-24 1.0886e-26 2.1180e-24
4.7973e+01 2.0493e-24 1.0752e-26 2.0601e-24
4.8582e+01 1.9928e-24 1.0619e-26 2.0035e-24
4.9199e+01 1.9400e-24 1.0487e-26 1.9505e-24
4.9824e+01 1.8866e-24 1.0356e-26 1.8970e-24
5.0457e+01 1.8355e-24 1.0226e-26 1.8457e-24
5.1098e+01 1.7861e-24 1.0097e-26 1.7962e-24
5.1747e+01 1.7378e-24 9.9693e-27 1.7478e-24
5.2405e+01 1.6907e-24 9.8423e-27 1.7005e-24
5.3071e+01 1.6447e-24 9.7160e-27 1.6544e-24
5.3745e+01 1.6008e-24 9.5906e-27 1.6104e-24
5.4428e+01 1.5580e-24 9.4661e-27 1.5675e-24
5.5119e+01 1.5161e-24 9.3424e-27 1.5254e-24
5.5819e+01 1.4752e-24 9.2196e-27 1.4844e-24
5.6528e+01 1.4357e-24 9.0976e-27 1.4448e-24
5.7247e+01 1.3971e-24 8.9764e-27 1.4061e-24
5.7974e+01 1.3596e-24 8.8561e-27 1.3685e-24
5.8710e+01 1.3234e-24 8.7366e-27 1.3321e-24
5.9456e+01 1.2880e-24 8.6178e-27 1.2966e-24
6.0212e+01 1.2541e-24 8.4999e-27 1.2626e-24
6.0977e+01 1.2205e-24 8.3827e-27 1.2288e-24
6.1751e+01 1.1882e-24 8.2662e-27 1.1965e-24
6.2536e+01 1.1561e-24 8.1505e-27 1.1642e-24
6.3330e+01 1.1255e-24 8.0357e-27 1.1335e-24
6.4135e+01 1.0958e-24 7.9216e-27 1.1038e-24
6.4949e+01 1.0671e-24 7.8083e-27 1.0749e-24
6.5775e+01 1.0390e-24 7.6958e-27 1.0467e-24
6.6610e+01 1.0114e-24 7.5841e-27 1.0189e-24
6.7456e+01 9.8471e-25 7.4733e-27 9.9218e-25
6.8313e+01 9.5885e-25 7.3632e-27 9.6621e-25
6.9181e+01 9.3363e-25 7.2540e-27 9.4089e-25
7.0060e+01 9.0895e-25 7.1454e-27 9.1610e-25
7.0950e+01 8.8504e-25 7.0378e-27 8.9208e-25
7.1852e+01 8.6208e-25 6.9309e-27 8.6901e-25
7.2764e+01 8.3939e-25 6.8250e-27 8.4621e-25
7.3689e+01 8.1763e-25 6.7198e-27 8.2435e-25
7.4625e+01 7.9607e-25 6.6155e-27 8.0268e-25
7.5573e+01 7.7515e-25 6.5121e-27 7.8166e-25
7.6533e+01 7.5500e-25 6.4096e-27 7.6141e-25
7.7505e+01 7.3574e-25 6.3079e-27 7.4204e-25
7.8490e+01 7.1649e-25 6.2071e-27 7.2269e-25
7.9487e+01 6.9780e-25 6.1071e-27 7.0391e-25
8.0497e+01 6.7990e-25 6.0081e-27 6.8591e-25
8.1520e+01 6.6210e-25 5.9100e-27 6.6801e-25
8.2555e+01 6.4504e-25 5.8128e-27 6.5085e-25
8.3604e+01 6.2823e-25 5.7165e-27 6.3395e-25
8.4666e+01 6.1209e-25 5.6212e-27 6.1771e-25
8.5742e+01 5.9633e-25 5.5268e-27 6.0185e-25
8.6831e+01 5.8099e-25 5.4334e-27 5.8642e-25
8.7934e+01 5.6599e-25 5.3409e-27 5.7133e-25
8.9051e+01 5.5144e-25 5.2494e-27 5.5669e-25
9.0183e+01 5.3759e-25 5.1589e-27 5.4275e-25
9.1328e+01 5.2364e-25 5.0693e-27 5.2871e-25
9.2489e+01 5.1015e-25 4.9806e-27 5.1514e-25
9.3664e+01 4.9722e-25 4.8930e-27 5.0211e-25
9.4854e+01 4.8449e-25 4.8064e-27 4.8929e-25
9.6059e+01 4.7226e-25 4.7207e-27 4.7698e-25
9.7279e+01 4.6018e-25 4.6361e-27 4.6482e-25
9.8515e+01 4.4844e-25 4.5525e-27 4.5300e-25
9.9766e+01 4.3711e-25 4.4699e-27 4.4158e-25
1.0103e+02 4.2609e-25 4.3884e-27 4.3048e-25
1.0232e+02 4.1531e-25 4.3078e-27 4.1961e-25
1.0362e+02 4.0481e-25 4.2282e-27 4.0904e-25
1.0493e+02 3.9453e-25 4.1496e-27 3.9868e-25
1.0627e+02 3.8458e-25 4.0720e-27 3.8865e-25
1.0762e+02 3.7481e-25 3.9955e-27 3.7881e-25
1.0898e+02 3.6545e-25 3.9201e-27 3.6937e-25
1.1037e+02 3.5633e-25 3.8456e-27 3.6018e-25
1.1177e+02 3.4730e-25 3.7722e-27 3.5107e-25
1.1319e+02 3.3849e-25 3.6997e-27 3.4219e-25
1.1463e+02 3.3013e-25 3.6284e-27 3.3376e-25
1.1608e+02 3.2179e-25 3.5580e-27 3.2534e-25
1.1756e+02 3.1386e-25 3.4886e-27 3.1735e-25
1.1905e+02 3.0598e-25 3.4203e-27 3.0940e-25
1.2057e+02 2.9839e-25 3.3529e-27 3.0174e-25
1.2210e+02 2.9089e-25 3.2866e-27 2.9418e-25
1.2365e+02 2.8375e-25 3.2213e-27 2.8697e-25
1.2522e+02 2.7667e-25 3.1569e-27 2.7982e-25
1.2681e+02 2.6980e-25 3.0936e-27 2.7290e-25
1.2842e+02 2.6315e-25 3.0313e-27 2.6619e-25
1.3005e+02 2.5668e-25 2.9700e-27 2.5965e-25
1.3170e+02 2.5025e-25 2.9096e-27 2.5316e-25
1.3338e+02 2.4408e-25 2.8502e-27 2.4693e-25
1.3507e+02 2.3811e-25 2.7918e-27 2.4091e-25
1.3679e+02 2.3227e-25 2.7343e-27 2.3500e-25
1.3853e+02 2.2658e-25 2.6778e-27 2.2926e-25
1.4029e+02 2.2103e-25 2.6222e-27 2.2365e-25
1.4207e+02 2.1562e-25 2.5676e-27 2.1819e-25
1.4387e+02 2.1034e-25 2.5139e-27 2.1286e-25
1.4570e+02 2.0520e-25 2.4611e-27 2.0766e-25
1.4755e+02 2.0019e-25 2.4093e-27 2.0259e-25
1.4943e+02 1.9529e-25 2.3583e-27 1.9765e-25
1.5132e+02 1.9053e-25 2.3083e-27 1.9284e-25
1.5325e+02 1.8588e-25 2.2591e-27 1.8814e-25
1.5519e+02 1.8136e-25 2.2109e-27 1.8357e-25
1.5717e+02 1.7694e-25 2.1635e-27 1.7911e-25
1.5916e+02 1.7269e-25 2.1169e-27 1.7481e-25
1.6118e+02 1.6855e-25 2.0713e-27 1.7062e-25
1.6323e+02 1.6445e-25 2.0264e-27 1.6647e-25
1.6531e+02 1.6047e-25 1.9824e-27 1.6246e-25
1.6741e+02 1.5656e-25 1.9392e-27 1.5850e-25
1.6953e+02 1.5288e-25 1.8969e-27 1.5477e-25
1.7169e+02 1.4917e-25 1.8553e-27 1.5102e-25
1.7387e+02 1.4555e-25 1.8145e-27 1.4737e-25
1.7608e+02 1.4207e-25 1.7746e-27 1.4385e-25
1.7831e+02 1.3872e-25 1.7353e-27 1.4046e-25
1.8058e+02 1.3537e-25 1.6969e-27 1.3707e-25
1.8287e+02 1.3215e-25 1.6592e-27 1.3381e-25
1.8520e+02 1.2901e-25 1.6222e-27 1.3063e-25
1.8755e+02 1.2590e-25 1.5860e-27 1.2748e-25
1.8993e+02 1.2293e-25 1.5505e-27 1.2448e-25
1.9234e+02 1.2001e-25 1.5157e-27 1.2153e-25
1.9479e+02 1.1714e-25 1.4817e-27 1.1862e-25
1.9726e+02 1.1439e-25 1.4482e-27 1.1584e-25
1.9977e+02 1.1167e-25 1.4155e-27 1.1308e-25
2.0231e+02 1.0901e-25 1.3834e-27 1.1039e-25
2.0488e+02 1.0645e-25 1.3521e-27 1.0781e-25
2.0748e+02 1.0395e-25 1.3213e-27 1.0527e-25
2.1012e+02 1.0150e-25 1.2912e-27 1.0280e-25
2.1278e+02 9.9126e-26 1.2617e-27 1.0039e-25
2.1549e+02 9.6798e-26 1.2328e-27 9.8031e-26
2.1823e+02 9.4488e-26 1.2045e-27 9.5692e-26
2.2100e+02 9.2307e-26 1.1769e-27 9.3484e-26
2.2381e+02 9.0128e-26 1.1498e-27 9.1277e-26
2.2665e+02 8.8045e-26 1.1232e-27 8.9168e-26
2.2953e+02 8.5985e-26 1.0973e-27 8.7082e-26
2.3244e+02 8.4002e-26 1.0719e-27 8.5074e-26
2.3540e+02 8.2029e-26 1.0471e-27 8.3076e-26
2.3839e+02 8.0123e-26 1.0227e-27 8.1146e-26
2.4142e+02 7.8269e-26 9.9893e-28 7.9268e-26
2.4448e+02 7.6464e-26 9.7566e-28 7.7440e-26
2.4759e+02 7.4699e-26 9.5289e-28 7.5652e-26
2.5073e+02 7.2957e-26 9.3062e-28 7.3888e-26
2.5392e+02 7.1288e-26 9.0884e-28 7.2197e-26
2.5715e+02 6.9640e-26 8.8753e-28 7.0528e-26
2.6041e+02 6.8038e-26 8.6669e-28 6.8904e-26
2.6372e+02 6.6459e-26 8.4631e-28 6.7306e-26
2.6707e+02 6.4944e-26 8.2638e-28 6.5771e-26
2.7046e+02 6.3452e-26 8.0690e-28 6.4259e-26
2.7390e+02 6.2011e-26 7.8785e-28 6.2799e-26
2.7738e+02 6.0587e-26 7.6923e-28 6.1357e-26
2.8090e+02 5.9219e-26 7.5103e-28 5.9970e-26
2.8447e+02 5.7870e-26 7.3323e-28 5.8603e-26
2.8809e+02 5.6545e-26 7.1583e-28 5.7261e-26
2.9175e+02 5.5235e-26 6.9883e-28 5.5934e-26
2.9545e+02 5.4012e-26 6.8221e-28 5.4694e-26
2.9921e+02 5.2761e-26 6.6597e-28 5.3427e-26
3.0301e+02 5.1588e-26 6.5009e-28 5.2238e-26
3.0686e+02 5.0423e-26 6.3458e-28 5.1058e-26
3.1076e+02 4.9284e-26 6.1943e-28 4.9904e-26
3.1470e+02 4.8168e-26 6.0461e-28 4.8773e-26
3.1870e+02 4.7082e-26 5.9015e-28 4.7672e-26
3.2275e+02 4.6015e-26 5.7601e-28 4.6591e-26
3.2685e+02 4.4983e-26 5.6220e-28 4.5546e-26
3.3100e+02 4.4001e-26 5.4870e-28 4.4549e-26
3.3521e+02 4.3008e-26 5.3552e-28 4.3543e-26
3.3947e+02 4.2037e-26 5.2264e-28 4.2560e-26
3.4378e+02 4.1092e-26 5.1006e-28 4.1602e-26
3.4815e+02 4.0199e-26 4.9778e-28 4.0697e-26
3.5257e+02 3.9303e-26 4.8578e-28 3.9789e-26
3.5705e+02 3.8423e-26 4.7406e-28 3.8897e-26
3.6158e+02 3.7559e-26 4.6261e-28 3.8021e-26
3.6618e+02 3.6727e-26 4.5143e-28 3.7178e-26
3.7083e+02 3.5937e-26 4.4052e-28 3.6377e-26
3.7554e+02 3.5124e-26 4.2986e-28 3.5554e-26
3.8031e+02 3.4364e-26 4.1945e-28 3.4783e-26
3.8514e+02 3.3579e-26 4.0928e-28 3.3988e-26
3.9004e+02 3.2850e-26 3.9935e-28 3.3249e-26
3.9499e+02 3.2133e-26 3.8966e-28 3.2523e-26
4.0001e+02 3.1428e-26 3.8020e-28 3.1809e-26
4.0509e+02 3.0737e-26 3.7096e-28 3.1108e-26
4.1024e+02 3.0070e-26 3.6194e-28 3.0432e-26
4.1545e+02 2.9411e-26 3.5313e-28 2.9764e-26
4.2073e+02 2.8757e-26 3.4454e-28 2.9101e-26
4.2607e+02 2.8147e-26 3.3615e-28 2.8483e-26
4.3149e+02 2.7538e-26 3.2795e-28 2.7866e-26
4.3697e+02 2.6921e-26 3.1996e-28 2.7241e-26
4.4252e+02 2.6347e-26 3.1215e-28 2.6659e-26
4.4814e+02 2.5773e-26 3.0453e-28 2.6078e-26
4.5383e+02 2.5223e-26 2.9709e-28 2.5521e-26
4.5960e+02 2.4676e-26 2.8983e-28 2.4965e-26
4.6544e+02 2.4137e-26 2.8275e-28 2.4420e-26
4.7135e+02 2.3627e-26 2.7583e-28 2.3903e-26
4.7734e+02 2.3109e-26 2.6908e-28 2.3378e-26
4.8340e+02 2.2617e-26 2.6249e-28 2.2880e-26
4.8954e+02 2.2127e-26 2.5606e-28 2.2383e-26
4.9576e+02 2.1659e-26 2.4979e-28 2.1909e-26
5.0206e+02 2.1198e-26 2.4366e-28 2.1442e-26
5.0844e+02 2.0735e-26 2.3769e-28 2.0973e-26
5.1490e+02 2.0298e-26 2.3186e-28 2.0530e-26
5.2144e+02 1.9867e-26 2.2617e-28 2.0093e-26
5.2807e+02 1.9440e-26 2.2061e-28 1.9661e-26
5.3477e+02 1.9037e-26 2.1519e-28 1.9252e-26
5.4157e+02 1.8631e-26 2.0991e-28 1.8841e-26
5.4845e+02 1.8238e-26 2.0475e-28 1.8443e-26
5.5542e+02 1.7845e-26 1.9971e-28 1.8044e-26
5.6247e+02 1.7468e-26 1.9480e-28 1.7663e-26
5.6962e+02 1.7111e-26 1.9001e-28 1.7301e-26
5.7685e+02 1.6742e-26 1.8533e-28 1.6927e-26
5.8418e+02 1.6396e-26 1.8077e-28 1.6577e-26
5.9160e+02 1.6047e-26 1.7631e-28 1.6223e-26
5.9912e+02 1.5711e-26 1.7197e-28 1.5883e-26
6.0673e+02 1.5388e-26 1.6773e-28 1.5556e-26
6.1444e+02 1.5063e-26 1.6360e-28 1.5227e-26
6.2225e+02 1.4748e-26 1.5956e-28 1.4907e-26
6.3015e+02 1.4441e-26 1.5563e-28 1.4597e-26
6.3816e+02 1.4142e-26 1.5179e-28 1.4294e-26
6.4626e+02 1.3847e-26 1.4804e-28 1.3995e-26
6.5447e+02 1.3566e-26 1.4439e-28 1.3710e-26
6.6279e+02 1.3276e-26 1.4082e-28 1.3417e-26
6.7121e+02 1.3005e-26 1.3735e-28 1.3142e-26
6.7974e+02 1.2736e-26 1.3395e-28 1.2870e-26
6.8837e+02 1.2477e-26 1.3064e-28 1.2608e-26
6.9712e+02 1.2218e-26 1.2741e-28 1.2345e-26
7.0597e+02 1.1965e-26 1.2426e-28 1.2089e-26
7.1494e+02 1.1720e-26 1.2119e-28 1.1841e-26
7.2402e+02 1.1482e-26 1.1820e-28 1.1600e-26
7.3322e+02 1.1246e-26 1.1527e-28 1.1361e-26
7.4254e+02 1.1022e-26 1.1242e-28 1.1134e-26
7.5197e+02 1.0790e-26 1.0964e-28 1.0899e-26
7.6152e+02 1.0576e-26 1.0692e-28 1.0683e-26
7.7120e+02 1.0363e-26 1.0428e-28 1.0468e-26
7.8100e+02 1.0148e-26 1.0170e-28 1.0250e-26
7.9092e+02 9.9410e-27 9.9179e-29 1.0040e-26
8.0097e+02 9.7373e-27 9.6723e-29 9.8341e-27
8.1114e+02 9.5449e-27 9.4327e-29 9.6392e-27
8.2145e+02 9.3547e-27 9.1990e-29 9.4467e-27
8.3188e+02 9.1627e-27 8.9710e-29 9.2524e-27
8.4245e+02 8.9814e-27 8.7488e-29 9.0689e-27
8.5315e+02 8.8019e-27 8.5320e-29 8.8872e-27
8.6399e+02 8.6226e-27 8.3204e-29 8.7058e-27
8.7497e+02 8.4524e-27 8.1142e-29 8.5335e-27
8.8608e+02 8.2829e-27 7.9129e-29 8.3620e-27
8.9734e+02 8.1167e-27 7.7167e-29 8.1939e-27
9.0874e+02 7.9574e-27 7.5253e-29 8.0326e-27
9.2029e+02 7.7966e-27 7.3387e-29 7.8700e-27
9.3198e+02 7.6428e-27 7.1566e-29 7.7144e-27
9.4382e+02 7.4931e-27 6.9790e-29 7.5629e-27
9.5581e+02 7.3419e-27 6.8059e-29 7.4100e-27
9.6795e+02 7.1984e-27 6.6369e-29 7.2647e-27
9.8025e+02 7.0570e-27 6.4722e-29 7.1217e-27
9.9270e+02 6.9165e-27 6.3115e-29 6.9796e-27
1.0053e+03 6.7821e-27 6.1548e-29 6.8436e-27
1.0181e+03 6.6480e-27 6.0020e-29 6.7080e-27
1.0310e+03 6.5173e-27 5.8530e-29 6.5758e-27
1.0441e+03 6.3910e-27 5.7076e-29 6.4481e-27
1.0574e+03 6.2645e-27 5.5659e-29 6.3202e-27
1.0708e+03 6.1428e-27 5.4276e-29 6.1971e-27
1.0844e+03 6.0243e-27 5.2928e-29 6.0772e-27
1.0982e+03 5.9050e-27 5.1613e-29 5.9566e-27
1.1121e+03 5.7916e-27 5.0330e-29 5.8419e-27
1.1263e+03 5.6797e-27 4.9080e-29 5.7287e-27
1.1406e+03 5.5689e-27 4.7861e-29 5.6168e-27
1.1551e+03 5.4626e-27 4.6671e-29 5.5092e-27
1.1697e+03 5.3561e-27 4.5511e-29 5.4016e-27
1.1846e+03 5.2527e-27 4.4380e-29 5.2971e-27
1.1997e+03 5.1529e-27 4.3277e-29 5.1962e-27
1.2149e+03 5.0525e-27 4.2201e-29 5.0947e-27
1.2303e+03 4.9566e-27 4.1152e-29 4.9977e-27
1.2460e+03 4.8624e-27 4.0129e-29 4.9025e-27
1.2618e+03 4.7678e-27 3.9131e-29 4.8069e-27
1.2778e+03 4.6778e-27 3.8158e-29 4.7160e-27
1.2941e+03 4.5887e-27 3.7209e-29 4.6259e-27
1.3105e+03 4.5006e-27 3.6283e-29 4.5369e-27
1.3271e+03 4.4166e-27 3.5381e-29 4.4520e-27
1.3440e+03 4.3319e-27 3.4501e-29 4.3664e-27
1.3611e+03 4.2499e-27 3.3643e-29 4.2836e-27
1.3784e+03 4.1708e-27 3.2806e-29 4.2037e-27
1.3959e+03 4.0906e-27 3.1990e-29 4.1226e-27
1.4136e+03 4.0142e-27 3.1194e-29 4.0454e-27
1.4316e+03 3.9394e-27 3.0418e-29 3.9698e-27
1.4498e+03 3.8641e-27 2.9661e-29 3.8938e-27
1.4682e+03 3.7928e-27 2.8923e-29 3.8217e-27
1.4868e+03 3.7217e-27 2.8203e-29 3.7499e-27
1.5057e+03 3.6519e-27 2.7501e-29 3.6794e-27
1.5248e+03 3.5847e-27 2.6817e-29 3.6115e-27
1.5442e+03 3.5171e-27 2.6150e-29 3.5433e-27
1.5638e+03 3.4520e-27 2.5499e-29 3.4775e-27
1.5837e+03 3.3890e-27 2.4864e-29 3.4139e-27
1.6038e+03 3.3245e-27 2.4245e-29 3.3487e-27
1.6242e+03 3.2641e-27 2.3642e-29 3.2878e-27
1.6448e+03 3.2039e-27 2.3053e-29 3.2270e-27
1.6657e+03 3.1441e-27 2.2480e-29 3.1666e-27
1.6869e+03 3.0873e-27 2.1920e-29 3.1092e-27
1.7083e+03 3.0304e-27 2.1374e-29 3.0517e-27
1.7300e+03 2.9744e-27 2.0842e-29 2.9953e-27
1.7520e+03 2.9207e-27 2.0323e-29 2.9410e-27
1.7743e+03 2.8665e-27 1.9817e-29 2.8863e-27
1.7968e+03 2.8147e-27 1.9324e-29 2.8340e-27
1.8196e+03 2.7642e-27 1.8842e-29 2.7831e-27
1.8427e+03 2.7128e-27 1.8373e-29 2.7311e-27
1.8662e+03 2.6644e-27 1.7916e-29 2.6823e-27
1.8899e+03 2.6163e-27 1.7470e-29 2.6338e-27
1.9139e+03 2.5684e-27 1.7035e-29 2.5855e-27
1.9382e+03 2.5229e-27 1.6610e-29 2.5395e-27
1.9628e+03 2.4770e-27 1.6197e-29 2.4932e-27
1.9877e+03 2.4325e-27 1.5793e-29 2.4483e-27
2.0130e+03 2.3869e-27 1.5400e-29 2.4023e-27
2.0386e+03 2.3419e-27 1.5016e-29 2.3569e-27
2.0645e+03 2.2980e-27 1.4642e-29 2.3126e-27
2.0907e+03 2.2536e-27 1.4278e-29 2.2679e-27
2.1173e+03 2.2112e-27 1.3922e-29 2.2252e-27
2.1442e+03 2.1695e-27 1.3575e-29 2.1831e-27
2.1714e+03 2.1278e-27 1.3237e-29 2.1410e-27
2.1990e+03 2.0878e-27 1.2907e-29 2.1007e-27
2.2269e+03 2.0478e-27 1.2586e-29 2.0604e-27
2.2552e+03 2.0088e-27 1.2272e-29 2.0210e-27
2.2839e+03 1.9712e-27 1.1967e-29 1.9831e-27
2.3129e+03 1.9331e-27 1.1669e-29 1.9448e-27
2.3423e+03 1.8966e-27 1.1378e-29 1.9080e-27
2.3720e+03 1.8608e-27 1.1094e-29 1.8719e-27
2.4022e+03 1.8248e-27 1.0818e-29 1.8357e-27
2.4327e+03 1.7907e-27 1.0548e-29 1.8012e-27
2.4636e+03 1.7567e-27 1.0286e-29 1.7670e-27
2.4949e+03 1.7229e-27 1.0029e-29 1.7329e-27
2.5266e+03 1.6904e-27 9.7795e-30 1.7002e-27
2.5587e+03 1.6580e-27 9.5358e-30 1.6675e-27
2.5912e+03 1.6265e-27 9.2982e-30 1.6358e-27
2.6241e+03 1.5959e-27 9.0666e-30 1.6050e-27
2.6574e+03 1.5650e-27 8.8407e-30 1.5738e-27
2.6912e+03 1.5354e-27 8.6204e-30 1.5440e-27
2.7254e+03 1.5066e-27 8.4056e-30 1.5150e-27
2.7600e+03 1.4774e-27 8.1961e-30 1.4856e-27
2.7951e+03 1.4497e-27 7.9919e-30 1.4577e-27
2.8306e+03 1.4224e-27 7.7927e-30 1.4302e-27
2.8665e+03 1.3952e-27 7.5985e-30 1.4028e-27
2.9029e+03 1.3685e-27 7.4092e-30 1.3759e-27
2.9398e+03 1.3428e-27 7.2246e-30 1.3501e-27
2.9772e+03 1.3170e-27 7.0446e-30 1.3240e-27
3.0150e+03 1.2920e-27 6.8690e-30 1.2989e-27
3.0533e+03 1.2676e-27 6.6978e-30 1.2743e-27
3.0921e+03 1.2437e-27 6.5309e-30 1.2502e-27
3.1314e+03 1.2196e-27 6.3681e-30 1.2260e-27
3.1712e+03 1.1967e-27 6.2094e-30 1.2030e-27
3.2114e+03 1.1740e-27 6.0547e-30 1.1800e-27
3.2522e+03 1.1514e-27 5.9038e-30 1.1573e-27
3.2936e+03 1.1296e-27 5.7566e-30 1.1354e-27
3.3354e+03 1.1084e-27 5.6132e-30 1.1140e-27
3.3778e+03 1.0871e-27 5.4733e-30 1.0926e-27
3.4207e+03 1.0663e-27 5.3369e-30 1.0717e-27
3.4641e+03 1.0462e-27 5.2039e-30 1.0514e-27
3.5082e+03 1.0260e-27 5.0741e-30 1.0311e-27
3.5527e+03 1.0067e-27 4.9477e-30 1.0116e-27
3.5979e+03 9.8778e-28 4.8244e-30 9.9261e-28
3.6436e+03 9.6890e-28 4.7041e-30 9.7361e-28
3.6899e+03 9.5026e-28 4.5869e-30 9.5485e-28
3.7367e+03 9.3237e-28 4.4726e-30 9.3684e-28
3.7842e+03 9.1478e-28 4.3611e-30 9.1914e-28
3.8323e+03 8.9721e-28 4.2524e-30 9.0146e-28
3.8810e+03 8.8009e-28 4.1464e-30 8.8423e-28
3.9303e+03 8.6355e-28 4.0430e-30 8.6759e-28
3.9802e+03 8.4732e-28 3.9423e-30 8.5126e-28
4.0308e+03 8.3081e-28 3.8440e-30 8.3466e-28
4.0820e+03 8.1513e-28 3.7482e-30 8.1888e-28
4.1338e+03 7.9976e-28 3.6547e-30 8.0342e-28
4.1863e+03 7.8461e-28 3.5636e-30 7.8817e-28
4.2395e+03 7.6950e-28 3.4748e-30 7.7297e-28
4.2934e+03 7.5495e-28 3.3882e-30 7.5833e-28
4.3479e+03 7.4074e-28 3.3038e-30 7.4404e-28
4.4032e+03 7.2640e-28 3.2214e-30 7.2962e-28
4.4591e+03 7.1269e-28 3.1411e-30 7.1583e-28
4.5158e+03 6.9922e-28 3.0628e-30 7.0228e-28
4.5731e+03 6.8608e-28 2.9864e-30 6.8907e-28
4.6312e+03 6.7262e-28 2.9120e-30 6.7553e-28
4.6901e+03 6.5997e-28 2.8394e-30 6.6281e-28
4.7496e+03 6.4753e-28 2.7686e-30 6.5030e-28
4.8100e+03 6.3518e-28 2.6996e-30 6.3788e-28
4.8711e+03 6.2301e-28 2.6323e-30 6.2564e-28
4.9330e+03 6.1128e-28 2.5667e-30 6.1385e-28
4.9956e+03 5.9972e-28 2.5027e-30 6.0222e-28
5.0591e+03 5.8841e-28 2.4404e-30 5.9085e-28
5.1234e+03 5.7698e-28 2.3795e-30 5.7936e-28
5.1885e+03 5.6607e-28 2.3202e-30 5.6839e-28
5.2544e+03 5.5538e-28 2.2624e-30 5.5764e-28
5.3211e+03 5.4491e-28 2.2060e-30 5.4712e-28
5.3887e+03 5.3432e-28 2.1510e-30 5.3647e-28
5.4572e+03 5.2430e-28 2.0973e-30 5.2640e-28
5.5265e+03 5.1439e-28 2.0451e-30 5.1643e-28
5.5967e+03 5.0464e-28 1.9941e-30 5.0663e-28
5.6678e+03 4.9489e-28 1.9444e-30 4.9684e-28
5.7398e+03 4.8553e-28 1.8959e-30 4.8743e-28
5.8128e+03 4.7636e-28 1.8486e-30 4.7821e-28
5.8866e+03 4.6732e-28 1.8026e-30 4.6912e-28
5.9614e+03 4.5825e-28 1.7576e-30 4.6001e-28
6.0371e+03 4.4965e-28 1.7138e-30 4.5136e-28
6.1138e+03 4.4119e-28 1.6711e-30 4.4286e-28
6.1915e+03 4.3287e-28 1.6294e-30 4.3450e-28
6.2702e+03 4.2456e-28 1.5888e-30 4.2615e-28
6.3498e+03 4.1637e-28 1.5492e-30 4.1792e-28
6.4305e+03 4.0854e-28 1.5106e-30 4.1005e-28
6.5122e+03 4.0081e-28 1.4729e-30 4.0229e-28
6.5949e+03 3.9327e-28 1.4362e-30 3.9470e-28
6.6787e+03 3.8564e-28 1.4004e-30 3.8704e-28
6.7635e+03 3.7836e-28 1.3655e-30 3.7973e-28
6.8495e+03 3.7122e-28 1.3314e-30 3.7255e-28
6.9365e+03 3.6420e-28 1.2982e-30 3.6550e-28
7.0246e+03 3.5722e-28 1.2659e-30 3.5848e-28
7.1138e+03 3.5032e-28 1.2343e-30 3.5155e-28
7.2042e+03 3.4371e-28 1.2036e-30 3.4491e-28
7.2957e+03 3.3722e-28 1.1735e-30 3.3839e-28
7.3884e+03 3.3088e-28 1.1443e-30 3.3202e-28
7.4823e+03 3.2447e-28 1.1158e-30 3.2559e-28
7.5774e+03 3.1831e-28 1.0879e-30 3.1940e-28
7.6736e+03 3.1229e-28 1.0608e-30 3.1335e-28
7.7711e+03 3.0637e-28 1.0344e-30 3.0741e-28
7.8698e+03 3.0057e-28 1.0086e-30 3.0158e-28
7.9698e+03 2.9486e-28 9.8344e-31 2.9585e-28
8.0711e+03 2.8914e-28 9.5892e-31 2.9010e-28
8.1736e+03 2.8371e-28 9.3501e-31 2.8464e-28
8.2774e+03 2.7837e-28 9.1171e-31 2.7928e-28
8.3826e+03 2.7312e-28 8.8898e-31 2.7401e-28
8.4891e+03 2.6782e-28 8.6682e-31 2.6869e-28
8.5969e+03 2.6271e-28 8.4520e-31 2.6356e-28
8.7061e+03 2.5773e-28 8.2414e-31 2.5855e-28
8.8168e+03 2.5291e-28 8.0359e-31 2.5371e-28
8.9288e+03 2.4810e-28 7.8355e-31 2.4888e-28
9.0422e+03 2.4341e-28 7.6402e-31 2.4417e-28
9.1571e+03 2.3869e-28 7.4497e-31 2.3943e-28
9.2734e+03 2.3414e-28 7.2639e-31 2.3487e-28
9.3912e+03 2.2973e-28 7.0829e-31 2.3044e-28
9.5105e+03 2.2539e-28 6.9063e-31 2.2608e-28
9.6313e+03 2.2117e-28 6.7341e-31 2.2185e-28
9.7537e+03 2.1688e-28 6.5663e-31 2.1753e-28
9.8776e+03 2.1273e-28 6.4025e-31 2.1337e-28
1.0003e+04 2.0874e-28 6.2429e-31 2.0937e-28
1.0130e+04 2.0476e-28 6.0873e-31 2.0537e-28
1.0259e+04 2.0092e-28 5.9354e-31 2.0151e-28
1.0389e+04 1.9710e-28 5.7875e-31 1.9768e-28
1.0521e+04 1.9327e-28 5.6432e-31 1.9383e-28
1.0655e+04 1.8961e-28 5.5025e-31 1.9016e-28
1.0790e+04 1.8606e-28 5.3653e-31 1.8660e-28
1.0927e+04 1.8253e-28 5.2316e-31 1.8305e-28
1.1066e+04 1.7906e-28 5.1011e-31 1.7957e-28
1.1207e+04 1.7560e-28 4.9740e-31 1.7610e-28
1.1349e+04 1.7225e-28 4.8500e-31 1.7273e-28
1.1493e+04 1.6902e-28 4.7290e-31 1.6949e-28
1.1639e+04 1.6578e-28 4.6111e-31 1.6625e-28
1.1787e+04 1.6267e-28 4.4962e-31 1.6312e-28
1.1937e+04 1.5956e-28 4.3841e-31 1.6000e-28
1.2089e+04 1.5648e-28 4.2748e-31 1.5691e-28
1.2242e+04 1.5352e-28 4.1682e-31 1.5394e-28
1.2398e+04 1.5061e-28 4.0643e-31 1.5102e-28
1.2555e+04 1.4779e-28 3.9629e-31 1.4819e-28
1.2715e+04 1.4499e-28 3.8642e-31 1.4538e-28
1.2876e+04 1.4213e-28 3.7678e-31 1.4251e-28
1.3040e+04 1.3947e-28 3.6739e-31 1.3984e-28
1.3205e+04 1.3685e-28 3.5823e-31 1.3720e-28
1.3373e+04 1.3423e-28 3.4930e-31 1.3458e-28
1.3543e+04 1.3170e-28 3.4059e-31 1.3204e-28
1.3715e+04 1.2922e-28 3.3210e-31 1.2955e-28
1.3889e+04 1.2673e-28 3.2382e-31 1.2706e-28
1.4066e+04 1.2429e-28 3.1574e-31 1.2461e-28
1.4245e+04 1.2194e-28 3.0787e-31 1.2224e-28
1.4425e+04 1.1966e-28 3.0019e-31 1.1996e-28
1.4609e+04 1.1739e-28 2.9271e-31 1.1768e-28
1.4794e+04 1.1514e-28 2.8541e-31 1.1543e-28
1.4982e+04 1.1292e-28 2.7830e-31 1.1320e-28
1.5173e+04 1.1079e-28 2.7136e-31 1.1107e-28
1.5365e+04 1.0868e-28 2.6459e-31 1.0894e-28
1.5561e+04 1.0664e-28 2.5800e-31 1.0689e-28
1.5758e+04 1.0463e-28 2.5157e-31 1.0488e-28
1.5958e+04 1.0265e-28 2.4529e-31 1.0290e-28
1.6161e+04 1.0066e-28 2.3918e-31 1.0090e-28
1.6367e+04 9.8735e-29 2.3321e-31 9.8968e-29
1.6574e+04 9.6859e-29 2.2740e-31 9.7086e-29
1.6785e+04 9.5058e-29 2.2173e-31 9.5279e-29
1.6998e+04 9.3244e-29 2.1620e-31 9.3460e-29
1.7214e+04 9.1469e-29 2.1081e-31 9.1679e-29
1.7433e+04 8.9745e-29 2.0556e-31 8.9951e-29
1.7654e+04 8.8009e-29 2.0043e-31 8.8209e-29
1.7879e+04 8.6333e-29 1.9543e-31 8.6529e-29
1.8106e+04 8.4712e-29 1.9056e-31 8.4903e-29
1.8336e+04 8.3117e-29 1.8581e-31 8.3303e-29
1.8569e+04 8.1550e-29 1.8118e-31 8.1731e-29
1.8805e+04 7.9964e-29 1.7666e-31 8.0140e-29
1.9044e+04 7.8441e-29 1.7225e-31 7.8613e-29
1.9285e+04 7.6952e-29 1.6796e-31 7.7120e-29
1.9530e+04 7.5487e-29 1.6377e-31 7.5651e-29
1.9779e+04 7.4057e-29 1.5969e-31 7.4217e-29
2.0030e+04 7.2653e-29 1.5571e-31 7.2809e-29
2.0284e+04 7.1246e-29 1.5183e-31 7.1398e-29
2.0542e+04 6.9899e-29 1.4804e-31 7.0047e-29
2.0803e+04 6.8576e-29 1.4435e-31 6.8721e-29
2.1067e+04 6.7293e-29 1.4075e-31 6.7434e-29
2.1335e+04 6.6030e-29 1.3724e-31 6.6167e-29
2.1606e+04 6.4749e-29 1.3382e-31 6.4883e-29
2.1880e+04 6.3492e-29 1.3048e-31 6.3623e-29
2.2158e+04 6.2297e-29 1.2723e-31 6.2424e-29
2.2440e+04 6.1147e-29 1.2406e-31 6.1271e-29
2.2725e+04 5.9976e-29 1.2097e-31 6.0097e-29
2.3014e+04 5.8808e-29 1.1795e-31 5.8926e-29
2.3306e+04 5.7704e-29 1.1501e-31 5.7819e-29
2.3602e+04 5.6618e-29 1.1214e-31 5.6730e-29
2.3902e+04 5.5535e-29 1.0935e-31 5.5645e-29
2.4206e+04 5.4466e-29 1.0662e-31 5.4573e-29
2.4513e+04 5.3445e-29 1.0396e-31 5.3549e-29
2.4825e+04 5.2419e-29 1.0137e-31 5.2520e-29
2.5140e+04 5.1439e-29 9.8842e-32 5.1538e-29
2.5459e+04 5.0470e-29 9.6378e-32 5.0566e-29
2.5783e+04 4.9495e-29 9.3975e-32 4.9589e-29
2.6110e+04 4.8564e-29 9.1631e-32 4.8656e-29
2.6442e+04 4.7635e-29 8.9347e-32 4.7724e-29
2.6778e+04 4.6718e-29 8.7119e-32 4.6805e-29
2.7118e+04 4.5834e-29 8.4948e-32 4.5919e-29
2.7463e+04 4.4962e-29 8.2829e-32 4.5045e-29
2.7812e+04 4.4107e-29 8.0764e-32 4.4188e-29
2.8165e+04 4.3292e-29 7.8751e-32 4.3370e-29
2.8523e+04 4.2439e-29 7.6788e-32 4.2516e-29
2.8885e+04 4.1651e-29 7.4873e-32 4.1726e-29
2.9252e+04 4.0851e-29 7.3007e-32 4.0924e-29
2.9624e+04 4.0081e-29 7.1186e-32 4.0152e-29
3.0000e+04 3.9184e-29 6.9411e-32 3.9254e-29
