# Wavelength, tau^sca_Ad/NH, tau^sca_PAH/NH, tau^sca_total/NH
# [Microns] [cm^2/H] [cm^2/H] [cm^2/H]
1.0000e-01 2.2781e-22 8.3263e-24 2.3613e-22
1.0127e-01 2.2703e-22 7.5208e-24 2.3455e-22
1.0256e-01 2.2627e-22 6.7651e-24 2.3304e-22
1.0386e-01 2.2558e-22 6.0979e-24 2.3168e-22
1.0518e-01 2.2493e-22 5.5445e-24 2.3047e-22
1.0652e-01 2.2427e-22 5.1171e-24 2.2939e-22
1.0787e-01 2.2358e-22 4.8067e-24 2.2839e-22
1.0924e-01 2.2283e-22 4.5732e-24 2.2740e-22
1.1063e-01 2.2205e-22 4.3514e-24 2.2640e-22
1.1203e-01 2.2127e-22 4.0852e-24 2.2536e-22
1.1346e-01 2.2058e-22 3.7607e-24 2.2434e-22
1.1490e-01 2.1999e-22 3.3995e-24 2.2338e-22
1.1636e-01 2.1936e-22 3.0377e-24 2.2240e-22
1.1783e-01 2.1870e-22 2.6987e-24 2.2140e-22
1.1933e-01 2.1802e-22 2.3922e-24 2.2041e-22
1.2085e-01 2.1733e-22 2.1201e-24 2.1945e-22
1.2238e-01 2.1663e-22 1.8807e-24 2.1851e-22
1.2394e-01 2.1588e-22 1.6705e-24 2.1755e-22
1.2551e-01 2.1506e-22 1.4861e-24 2.1655e-22
1.2711e-01 2.1429e-22 1.3238e-24 2.1561e-22
1.2872e-01 2.1360e-22 1.1808e-24 2.1479e-22
1.3036e-01 2.1301e-22 1.0544e-24 2.1407e-22
1.3201e-01 2.1267e-22 9.4237e-25 2.1361e-22
1.3369e-01 2.1234e-22 8.4278e-25 2.1319e-22
1.3539e-01 2.1203e-22 7.5407e-25 2.1279e-22
1.3711e-01 2.1175e-22 6.7492e-25 2.1243e-22
1.3885e-01 2.1150e-22 6.0421e-25 2.1210e-22
1.4061e-01 2.1126e-22 5.4096e-25 2.1180e-22
1.4240e-01 2.1106e-22 4.8438e-25 2.1155e-22
1.4421e-01 2.1095e-22 4.3378e-25 2.1138e-22
1.4604e-01 2.1095e-22 3.8855e-25 2.1134e-22
1.4790e-01 2.1101e-22 3.4819e-25 2.1136e-22
1.4978e-01 2.1126e-22 3.1231e-25 2.1157e-22
1.5168e-01 2.1174e-22 2.8053e-25 2.1202e-22
1.5361e-01 2.1254e-22 2.5256e-25 2.1280e-22
1.5556e-01 2.1368e-22 2.2815e-25 2.1391e-22
1.5753e-01 2.1514e-22 2.0709e-25 2.1535e-22
1.5954e-01 2.1707e-22 1.8919e-25 2.1726e-22
1.6156e-01 2.1952e-22 1.7429e-25 2.1969e-22
1.6361e-01 2.2256e-22 1.6223e-25 2.2273e-22
1.6569e-01 2.2604e-22 1.5279e-25 2.2619e-22
1.6780e-01 2.2951e-22 1.4575e-25 2.2965e-22
1.6993e-01 2.3323e-22 1.4093e-25 2.3337e-22
1.7209e-01 2.3721e-22 1.3809e-25 2.3735e-22
1.7427e-01 2.4132e-22 1.3707e-25 2.4146e-22
1.7649e-01 2.4558e-22 1.3795e-25 2.4572e-22
1.7873e-01 2.5059e-22 1.4097e-25 2.5073e-22
1.8100e-01 2.5638e-22 1.4649e-25 2.5652e-22
1.8330e-01 2.6236e-22 1.5490e-25 2.6251e-22
1.8563e-01 2.6848e-22 1.6660e-25 2.6864e-22
1.8799e-01 2.7454e-22 1.8196e-25 2.7472e-22
1.9038e-01 2.8032e-22 2.0135e-25 2.8052e-22
1.9279e-01 2.8399e-22 2.2509e-25 2.8422e-22
1.9524e-01 2.8687e-22 2.5344e-25 2.8713e-22
1.9772e-01 2.8912e-22 2.8635e-25 2.8940e-22
2.0024e-01 2.9078e-22 3.2368e-25 2.9110e-22
2.0278e-01 2.9196e-22 3.6495e-25 2.9232e-22
2.0536e-01 2.9251e-22 4.0925e-25 2.9292e-22
2.0797e-01 2.9333e-22 4.5512e-25 2.9378e-22
2.1061e-01 2.9473e-22 5.0057e-25 2.9523e-22
2.1328e-01 2.9610e-22 5.4310e-25 2.9664e-22
2.1599e-01 2.9731e-22 5.8003e-25 2.9789e-22
2.1874e-01 2.9838e-22 6.0883e-25 2.9899e-22
2.2152e-01 2.9940e-22 6.2679e-25 3.0002e-22
2.2433e-01 3.0034e-22 6.3362e-25 3.0097e-22
2.2718e-01 3.0112e-22 6.2972e-25 3.0175e-22
2.3007e-01 3.0178e-22 6.1623e-25 3.0240e-22
2.3299e-01 3.0240e-22 5.9492e-25 3.0299e-22
2.3595e-01 3.0296e-22 5.6777e-25 3.0352e-22
2.3895e-01 3.0342e-22 5.3672e-25 3.0395e-22
2.4198e-01 3.0381e-22 5.0346e-25 3.0431e-22
2.4506e-01 3.0416e-22 4.6935e-25 3.0463e-22
2.4817e-01 3.0446e-22 4.3541e-25 3.0489e-22
2.5132e-01 3.0460e-22 4.0232e-25 3.0500e-22
2.5451e-01 3.0464e-22 3.7061e-25 3.0501e-22
2.5775e-01 3.0466e-22 3.4064e-25 3.0500e-22
2.6102e-01 3.0465e-22 3.1256e-25 3.0496e-22
2.6434e-01 3.0456e-22 2.8646e-25 3.0485e-22
2.6770e-01 3.0440e-22 2.6232e-25 3.0466e-22
2.7110e-01 3.0420e-22 2.4012e-25 3.0444e-22
2.7454e-01 3.0397e-22 2.1977e-25 3.0419e-22
2.7803e-01 3.0369e-22 2.0119e-25 3.0389e-22
2.8156e-01 3.0331e-22 1.8427e-25 3.0349e-22
2.8514e-01 3.0290e-22 1.6889e-25 3.0307e-22
2.8876e-01 3.0244e-22 1.5495e-25 3.0260e-22
2.9243e-01 3.0192e-22 1.4232e-25 3.0206e-22
2.9614e-01 3.0132e-22 1.3088e-25 3.0145e-22
2.9991e-01 3.0066e-22 1.2053e-25 3.0078e-22
3.0372e-01 2.9996e-22 1.1117e-25 3.0007e-22
3.0758e-01 2.9922e-22 1.0269e-25 2.9932e-22
3.1148e-01 2.9840e-22 9.5022e-26 2.9850e-22
3.1544e-01 2.9754e-22 8.8072e-26 2.9762e-22
3.1945e-01 2.9660e-22 8.1771e-26 2.9668e-22
3.2351e-01 2.9562e-22 7.6054e-26 2.9570e-22
3.2762e-01 2.9459e-22 7.0868e-26 2.9466e-22
3.3178e-01 2.9347e-22 6.6154e-26 2.9354e-22
3.3599e-01 2.9230e-22 6.1861e-26 2.9236e-22
3.4026e-01 2.9107e-22 5.7946e-26 2.9113e-22
3.4458e-01 2.8980e-22 5.4369e-26 2.8986e-22
3.4896e-01 2.8845e-22 5.1097e-26 2.8850e-22
3.5339e-01 2.8704e-22 4.8097e-26 2.8709e-22
3.5788e-01 2.8561e-22 4.5341e-26 2.8566e-22
3.6243e-01 2.8410e-22 4.2804e-26 2.8415e-22
3.6704e-01 2.8256e-22 4.0463e-26 2.8260e-22
3.7170e-01 2.8093e-22 3.8298e-26 2.8097e-22
3.7642e-01 2.7924e-22 3.6292e-26 2.7928e-22
3.8120e-01 2.7750e-22 3.4424e-26 2.7754e-22
3.8605e-01 2.7572e-22 3.2681e-26 2.7575e-22
3.9095e-01 2.7386e-22 3.1051e-26 2.7389e-22
3.9592e-01 2.7198e-22 2.9521e-26 2.7201e-22
4.0095e-01 2.7004e-22 2.8082e-26 2.7007e-22
4.0604e-01 2.6806e-22 2.6725e-26 2.6809e-22
4.1120e-01 2.6602e-22 2.5443e-26 2.6604e-22
4.1642e-01 2.6393e-22 2.4229e-26 2.6395e-22
4.2171e-01 2.6179e-22 2.3078e-26 2.6181e-22
4.2707e-01 2.5959e-22 2.1983e-26 2.5961e-22
4.3250e-01 2.5735e-22 2.0943e-26 2.5737e-22
4.3799e-01 2.5508e-22 1.9952e-26 2.5510e-22
4.4355e-01 2.5274e-22 1.9007e-26 2.5276e-22
4.4919e-01 2.5037e-22 1.8107e-26 2.5039e-22
4.5490e-01 2.4795e-22 1.7248e-26 2.4797e-22
4.6068e-01 2.4551e-22 1.6429e-26 2.4553e-22
4.6653e-01 2.4302e-22 1.5647e-26 2.4304e-22
4.7245e-01 2.4050e-22 1.4901e-26 2.4052e-22
4.7846e-01 2.3794e-22 1.4189e-26 2.3795e-22
4.8454e-01 2.3537e-22 1.3510e-26 2.3538e-22
4.9069e-01 2.3272e-22 1.2863e-26 2.3273e-22
4.9692e-01 2.3005e-22 1.2246e-26 2.3006e-22
5.0324e-01 2.2737e-22 1.1657e-26 2.2738e-22
5.0963e-01 2.2465e-22 1.1097e-26 2.2466e-22
5.1611e-01 2.2189e-22 1.0563e-26 2.2190e-22
5.2266e-01 2.1916e-22 1.0055e-26 2.1917e-22
5.2930e-01 2.1639e-22 9.5712e-27 2.1640e-22
5.3603e-01 2.1362e-22 9.1108e-27 2.1362e-22
5.4284e-01 2.1079e-22 8.6728e-27 2.1080e-22
5.4973e-01 2.0793e-22 8.2562e-27 2.0794e-22
5.5672e-01 2.0509e-22 7.8600e-27 2.0510e-22
5.6379e-01 2.0219e-22 7.4834e-27 2.0220e-22
5.7095e-01 1.9927e-22 7.1254e-27 1.9928e-22
5.7821e-01 1.9635e-22 6.7851e-27 1.9635e-22
5.8555e-01 1.9340e-22 6.4616e-27 1.9341e-22
5.9299e-01 1.9045e-22 6.1543e-27 1.9046e-22
6.0052e-01 1.8752e-22 5.8622e-27 1.8753e-22
6.0815e-01 1.8456e-22 5.5846e-27 1.8457e-22
6.1588e-01 1.8163e-22 5.3208e-27 1.8163e-22
6.2370e-01 1.7870e-22 5.0702e-27 1.7871e-22
6.3163e-01 1.7572e-22 4.8321e-27 1.7573e-22
6.3965e-01 1.7279e-22 4.6057e-27 1.7279e-22
6.4778e-01 1.6985e-22 4.3906e-27 1.6986e-22
6.5601e-01 1.6692e-22 4.1861e-27 1.6692e-22
6.6434e-01 1.6397e-22 3.9917e-27 1.6397e-22
6.7278e-01 1.6102e-22 3.8068e-27 1.6102e-22
6.8133e-01 1.5808e-22 3.6310e-27 1.5808e-22
6.8998e-01 1.5515e-22 3.4637e-27 1.5516e-22
6.9875e-01 1.5222e-22 3.3046e-27 1.5222e-22
7.0763e-01 1.4933e-22 3.1533e-27 1.4933e-22
7.1662e-01 1.4645e-22 3.0092e-27 1.4645e-22
7.2572e-01 1.4355e-22 2.8721e-27 1.4355e-22
7.3494e-01 1.4070e-22 2.7416e-27 1.4070e-22
7.4428e-01 1.3787e-22 2.6173e-27 1.3787e-22
7.5373e-01 1.3504e-22 2.4989e-27 1.3505e-22
7.6331e-01 1.3223e-22 2.3861e-27 1.3224e-22
7.7300e-01 1.2944e-22 2.2786e-27 1.2945e-22
7.8282e-01 1.2668e-22 2.1761e-27 1.2668e-22
7.9277e-01 1.2393e-22 2.0784e-27 1.2393e-22
8.0284e-01 1.2122e-22 1.9853e-27 1.2123e-22
8.1304e-01 1.1852e-22 1.8964e-27 1.1852e-22
8.2337e-01 1.1587e-22 1.8117e-27 1.1587e-22
8.3383e-01 1.1324e-22 1.7308e-27 1.1324e-22
8.4442e-01 1.1062e-22 1.6537e-27 1.1063e-22
8.5515e-01 1.0805e-22 1.5800e-27 1.0805e-22
8.6601e-01 1.0550e-22 1.5097e-27 1.0550e-22
8.7702e-01 1.0298e-22 1.4425e-27 1.0298e-22
8.8816e-01 1.0047e-22 1.3784e-27 1.0048e-22
8.9944e-01 9.8004e-23 1.3172e-27 9.8005e-23
9.1087e-01 9.5564e-23 1.2586e-27 9.5566e-23
9.2244e-01 9.3162e-23 1.2027e-27 9.3163e-23
9.3416e-01 9.0762e-23 1.1493e-27 9.0763e-23
9.4603e-01 8.8423e-23 1.0983e-27 8.8424e-23
9.5805e-01 8.6095e-23 1.0495e-27 8.6096e-23
9.7022e-01 8.3809e-23 1.0028e-27 8.3810e-23
9.8254e-01 8.1559e-23 9.5823e-28 8.1560e-23
9.9502e-01 7.9296e-23 9.1560e-28 7.9297e-23
1.0077e+00 7.7006e-23 8.7484e-28 7.7007e-23
1.0205e+00 7.4765e-23 8.3586e-28 7.4766e-23
1.0334e+00 7.2595e-23 7.9860e-28 7.2595e-23
1.0466e+00 7.0450e-23 7.6297e-28 7.0450e-23
1.0599e+00 6.8346e-23 7.2889e-28 6.8346e-23
1.0733e+00 6.6306e-23 6.9630e-28 6.6307e-23
1.0870e+00 6.4312e-23 6.6514e-28 6.4313e-23
1.1008e+00 6.2380e-23 6.3534e-28 6.2380e-23
1.1147e+00 6.0488e-23 6.0684e-28 6.0488e-23
1.1289e+00 5.8637e-23 5.7958e-28 5.8638e-23
1.1433e+00 5.6839e-23 5.5352e-28 5.6840e-23
1.1578e+00 5.5090e-23 5.2859e-28 5.5090e-23
1.1725e+00 5.3381e-23 5.0476e-28 5.3381e-23
1.1874e+00 5.1696e-23 4.8197e-28 5.1697e-23
1.2025e+00 5.0067e-23 4.6018e-28 5.0068e-23
1.2177e+00 4.8462e-23 4.3935e-28 4.8462e-23
1.2332e+00 4.6913e-23 4.1943e-28 4.6913e-23
1.2489e+00 4.5413e-23 4.0038e-28 4.5414e-23
1.2647e+00 4.3946e-23 3.8218e-28 4.3947e-23
1.2808e+00 4.2477e-23 3.6478e-28 4.2478e-23
1.2971e+00 4.1104e-23 3.4814e-28 4.1105e-23
1.3136e+00 3.9843e-23 3.3225e-28 3.9843e-23
1.3303e+00 3.8582e-23 3.1705e-28 3.8583e-23
1.3472e+00 3.7325e-23 3.0253e-28 3.7326e-23
1.3643e+00 3.6065e-23 2.8865e-28 3.6065e-23
1.3816e+00 3.4761e-23 2.7539e-28 3.4761e-23
1.3991e+00 3.3499e-23 2.6273e-28 3.3500e-23
1.4169e+00 3.2299e-23 2.5063e-28 3.2299e-23
1.4349e+00 3.1151e-23 2.3906e-28 3.1151e-23
1.4532e+00 3.0051e-23 2.2802e-28 3.0052e-23
1.4716e+00 2.8985e-23 2.1747e-28 2.8985e-23
1.4903e+00 2.7956e-23 2.0740e-28 2.7956e-23
1.5092e+00 2.6962e-23 1.9778e-28 2.6962e-23
1.5284e+00 2.5990e-23 1.8859e-28 2.5990e-23
1.5478e+00 2.5054e-23 1.7982e-28 2.5054e-23
1.5675e+00 2.4155e-23 1.7145e-28 2.4155e-23
1.5874e+00 2.3276e-23 1.6345e-28 2.3276e-23
1.6076e+00 2.2423e-23 1.5582e-28 2.2423e-23
1.6280e+00 2.1597e-23 1.4854e-28 2.1597e-23
1.6487e+00 2.0797e-23 1.4159e-28 2.0797e-23
1.6696e+00 2.0019e-23 1.3495e-28 2.0019e-23
1.6908e+00 1.9266e-23 1.2862e-28 1.9266e-23
1.7123e+00 1.8541e-23 1.2258e-28 1.8541e-23
1.7341e+00 1.7833e-23 1.1682e-28 1.7833e-23
1.7561e+00 1.7153e-23 1.1132e-28 1.7153e-23
1.7784e+00 1.6491e-23 1.0607e-28 1.6491e-23
1.8010e+00 1.5850e-23 1.0107e-28 1.5850e-23
1.8239e+00 1.5231e-23 9.6295e-29 1.5231e-23
1.8471e+00 1.4633e-23 9.1742e-29 1.4633e-23
1.8705e+00 1.4054e-23 8.7401e-29 1.4054e-23
1.8943e+00 1.3495e-23 8.3262e-29 1.3495e-23
1.9184e+00 1.2955e-23 7.9314e-29 1.2955e-23
1.9427e+00 1.2435e-23 7.5550e-29 1.2435e-23
1.9674e+00 1.1935e-23 7.1961e-29 1.1935e-23
1.9924e+00 1.1450e-23 6.8540e-29 1.1450e-23
2.0177e+00 1.0985e-23 6.5278e-29 1.0986e-23
2.0433e+00 1.0538e-23 6.2170e-29 1.0538e-23
2.0693e+00 1.0107e-23 5.9206e-29 1.0107e-23
2.0956e+00 9.6905e-24 5.6381e-29 9.6906e-24
2.1222e+00 9.2938e-24 5.3690e-29 9.2939e-24
2.1492e+00 8.9098e-24 5.1124e-29 8.9098e-24
2.1765e+00 8.5420e-24 4.8680e-29 8.5420e-24
2.2041e+00 8.1879e-24 4.6350e-29 8.1879e-24
2.2321e+00 7.8481e-24 4.4130e-29 7.8481e-24
2.2605e+00 7.5223e-24 4.2016e-29 7.5223e-24
2.2892e+00 7.2067e-24 4.0001e-29 7.2067e-24
2.3183e+00 6.9054e-24 3.8081e-29 6.9054e-24
2.3477e+00 6.6156e-24 3.6253e-29 6.6156e-24
2.3776e+00 6.3355e-24 3.4511e-29 6.3355e-24
2.4078e+00 6.0676e-24 3.2851e-29 6.0676e-24
2.4384e+00 5.8096e-24 3.1271e-29 5.8097e-24
2.4693e+00 5.5632e-24 2.9766e-29 5.5632e-24
2.5007e+00 5.3254e-24 2.8332e-29 5.3255e-24
2.5325e+00 5.0976e-24 2.6966e-29 5.0977e-24
2.5647e+00 4.8797e-24 2.5666e-29 4.8797e-24
2.5972e+00 4.6691e-24 2.4428e-29 4.6691e-24
2.6302e+00 4.4683e-24 2.3249e-29 4.4683e-24
2.6636e+00 4.2745e-24 2.2126e-29 4.2745e-24
2.6975e+00 4.0896e-24 2.1057e-29 4.0896e-24
2.7318e+00 3.9117e-24 2.0039e-29 3.9118e-24
2.7665e+00 3.7421e-24 1.9069e-29 3.7422e-24
2.8016e+00 3.5796e-24 1.8147e-29 3.5797e-24
2.8372e+00 3.4246e-24 1.7268e-29 3.4246e-24
2.8732e+00 3.2759e-24 1.6432e-29 3.2759e-24
2.9097e+00 3.1338e-24 1.5636e-29 3.1338e-24
2.9467e+00 2.9988e-24 1.4878e-29 2.9988e-24
2.9841e+00 2.8696e-24 1.4156e-29 2.8696e-24
3.0221e+00 2.7477e-24 1.3470e-29 2.7477e-24
3.0605e+00 2.6309e-24 1.2816e-29 2.6309e-24
3.0993e+00 2.5194e-24 1.2194e-29 2.5194e-24
3.1387e+00 2.4123e-24 1.1601e-29 2.4123e-24
3.1786e+00 2.3091e-24 1.1038e-29 2.3092e-24
3.2190e+00 2.2089e-24 1.0501e-29 2.2089e-24
3.2599e+00 2.1102e-24 9.9908e-30 2.1103e-24
3.3013e+00 2.0094e-24 9.5049e-30 2.0094e-24
3.3432e+00 1.9019e-24 9.0425e-30 1.9019e-24
3.3857e+00 1.8518e-24 8.6025e-30 1.8518e-24
3.4287e+00 1.8007e-24 8.1838e-30 1.8007e-24
3.4723e+00 1.7488e-24 7.7853e-30 1.7488e-24
3.5164e+00 1.6877e-24 7.4061e-30 1.6877e-24
3.5610e+00 1.6174e-24 7.0453e-30 1.6174e-24
3.6063e+00 1.5389e-24 6.7019e-30 1.5389e-24
3.6521e+00 1.4608e-24 6.3752e-30 1.4608e-24
3.6985e+00 1.3905e-24 6.0643e-30 1.3905e-24
3.7455e+00 1.3252e-24 5.7686e-30 1.3252e-24
3.7931e+00 1.2634e-24 5.4872e-30 1.2634e-24
3.8412e+00 1.2048e-24 5.2195e-30 1.2048e-24
3.8900e+00 1.1486e-24 4.9648e-30 1.1486e-24
3.9395e+00 1.0949e-24 4.7224e-30 1.0949e-24
3.9895e+00 1.0437e-24 4.4918e-30 1.0437e-24
4.0402e+00 9.9476e-25 4.2724e-30 9.9477e-25
4.0915e+00 9.4787e-25 4.0638e-30 9.4788e-25
4.1435e+00 9.0320e-25 3.8652e-30 9.0320e-25
4.1961e+00 8.6061e-25 3.6763e-30 8.6062e-25
4.2495e+00 8.2008e-25 3.4967e-30 8.2009e-25
4.3034e+00 7.8146e-25 3.3258e-30 7.8146e-25
4.3581e+00 7.4449e-25 3.1631e-30 7.4449e-25
4.4135e+00 7.0940e-25 3.0085e-30 7.0941e-25
4.4695e+00 6.7586e-25 2.8613e-30 6.7586e-25
4.5263e+00 6.4409e-25 2.7214e-30 6.4409e-25
4.5838e+00 6.1365e-25 2.5882e-30 6.1366e-25
4.6421e+00 5.8474e-25 2.4616e-30 5.8475e-25
4.7010e+00 5.5733e-25 2.3411e-30 5.5733e-25
4.7608e+00 5.3123e-25 2.2265e-30 5.3123e-25
4.8212e+00 5.0635e-25 2.1175e-30 5.0635e-25
4.8825e+00 4.8266e-25 2.0139e-30 4.8266e-25
4.9445e+00 4.6020e-25 1.9152e-30 4.6020e-25
5.0073e+00 4.3881e-25 1.8214e-30 4.3881e-25
5.0710e+00 4.1841e-25 1.7322e-30 4.1841e-25
5.1354e+00 3.9886e-25 1.6474e-30 3.9886e-25
5.2006e+00 3.8031e-25 1.5667e-30 3.8032e-25
5.2667e+00 3.6260e-25 1.4899e-30 3.6260e-25
5.3336e+00 3.4568e-25 1.4169e-30 3.4568e-25
5.4014e+00 3.2956e-25 1.3475e-30 3.2956e-25
5.4700e+00 3.1417e-25 1.2815e-30 3.1417e-25
5.5395e+00 2.9944e-25 1.2187e-30 2.9944e-25
5.6098e+00 2.8541e-25 1.1589e-30 2.8541e-25
5.6811e+00 2.7194e-25 1.1021e-30 2.7194e-25
5.7533e+00 2.5915e-25 1.0481e-30 2.5915e-25
5.8264e+00 2.4686e-25 9.9678e-31 2.4686e-25
5.9004e+00 2.3512e-25 9.4794e-31 2.3512e-25
5.9754e+00 2.2393e-25 9.0153e-31 2.2393e-25
6.0513e+00 2.1322e-25 8.5742e-31 2.1322e-25
6.1281e+00 2.0297e-25 8.1558e-31 2.0297e-25
6.2060e+00 1.9316e-25 7.7619e-31 1.9316e-25
6.2848e+00 1.8378e-25 7.3403e-31 1.8378e-25
6.3647e+00 1.7478e-25 6.9865e-31 1.7478e-25
6.4455e+00 1.6615e-25 6.6568e-31 1.6615e-25
6.5274e+00 1.5789e-25 6.3327e-31 1.5789e-25
6.6104e+00 1.4991e-25 6.0228e-31 1.4991e-25
6.6943e+00 1.4214e-25 5.7278e-31 1.4215e-25
6.7794e+00 1.3477e-25 5.4470e-31 1.3477e-25
6.8655e+00 1.2898e-25 5.1799e-31 1.2898e-25
6.9527e+00 1.2256e-25 4.9257e-31 1.2256e-25
7.0411e+00 1.1556e-25 4.6840e-31 1.1556e-25
7.1305e+00 1.0922e-25 4.4542e-31 1.0922e-25
7.2211e+00 1.0316e-25 4.2356e-31 1.0316e-25
7.3128e+00 9.7298e-26 4.0277e-31 9.7298e-26
7.4057e+00 9.1634e-26 3.8300e-31 9.1634e-26
7.4998e+00 8.6134e-26 3.6419e-31 8.6134e-26
7.5951e+00 8.0728e-26 3.4631e-31 8.0728e-26
7.6916e+00 7.5379e-26 3.2931e-31 7.5380e-26
7.7893e+00 6.9883e-26 3.1314e-31 6.9883e-26
7.8883e+00 6.4271e-26 2.9776e-31 6.4271e-26
7.9885e+00 5.9021e-26 2.8314e-31 5.9022e-26
8.0900e+00 5.4337e-26 2.6923e-31 5.4337e-26
8.1927e+00 5.0314e-26 2.5601e-31 5.0314e-26
8.2968e+00 4.7443e-26 2.4344e-31 4.7443e-26
8.4022e+00 4.5851e-26 2.3148e-31 4.5852e-26
8.5090e+00 4.5039e-26 2.2011e-31 4.5039e-26
8.6171e+00 4.3141e-26 2.0930e-31 4.3142e-26
8.7265e+00 4.1083e-26 1.9902e-31 4.1083e-26
8.8374e+00 4.2160e-26 1.8924e-31 4.2160e-26
8.9497e+00 4.4806e-26 1.7995e-31 4.4806e-26
9.0634e+00 4.7967e-26 1.7111e-31 4.7968e-26
9.1785e+00 5.2235e-26 1.6270e-31 5.2235e-26
9.2951e+00 5.7526e-26 1.5470e-31 5.7526e-26
9.4132e+00 6.3033e-26 1.4710e-31 6.3034e-26
9.5328e+00 6.8055e-26 1.3988e-31 6.8056e-26
9.6539e+00 7.2260e-26 1.3300e-31 7.2260e-26
9.7765e+00 7.5457e-26 1.2647e-31 7.5457e-26
9.9007e+00 7.7462e-26 1.2025e-31 7.7462e-26
1.0027e+01 7.8193e-26 1.1434e-31 7.8193e-26
1.0154e+01 7.7552e-26 1.0872e-31 7.7552e-26
1.0283e+01 7.5788e-26 1.0337e-31 7.5788e-26
1.0414e+01 7.3403e-26 9.8287e-32 7.3403e-26
1.0546e+01 7.0792e-26 9.3449e-32 7.0792e-26
1.0680e+01 6.8098e-26 8.8847e-32 6.8098e-26
1.0815e+01 6.5397e-26 8.4467e-32 6.5397e-26
1.0953e+01 6.2693e-26 8.0295e-32 6.2693e-26
1.1092e+01 5.9933e-26 7.6314e-32 5.9934e-26
1.1233e+01 5.6966e-26 7.2489e-32 5.6966e-26
1.1376e+01 5.3626e-26 6.8624e-32 5.3626e-26
1.1520e+01 5.0209e-26 6.5120e-32 5.0209e-26
1.1667e+01 4.7030e-26 6.3047e-32 4.7030e-26
1.1815e+01 4.4040e-26 5.9660e-32 4.4040e-26
1.1965e+01 4.1113e-26 5.6660e-32 4.1113e-26
1.2117e+01 3.8134e-26 5.3847e-32 3.8134e-26
1.2271e+01 3.5112e-26 5.1186e-32 3.5112e-26
1.2427e+01 3.2144e-26 4.8663e-32 3.2144e-26
1.2585e+01 2.9396e-26 4.6268e-32 2.9396e-26
1.2744e+01 2.7107e-26 4.3992e-32 2.7107e-26
1.2906e+01 2.5259e-26 4.1829e-32 2.5259e-26
1.3070e+01 2.3637e-26 3.9773e-32 2.3637e-26
1.3236e+01 2.2140e-26 3.7819e-32 2.2140e-26
1.3404e+01 2.0801e-26 3.5962e-32 2.0801e-26
1.3575e+01 1.9532e-26 3.4196e-32 1.9532e-26
1.3747e+01 1.8347e-26 3.2517e-32 1.8347e-26
1.3922e+01 1.7239e-26 3.0921e-32 1.7239e-26
1.4099e+01 1.6208e-26 2.9404e-32 1.6208e-26
1.4278e+01 1.5253e-26 2.7960e-32 1.5253e-26
1.4459e+01 1.4374e-26 2.6589e-32 1.4374e-26
1.4643e+01 1.3575e-26 2.5284e-32 1.3575e-26
1.4829e+01 1.2863e-26 2.4044e-32 1.2863e-26
1.5017e+01 1.2241e-26 2.2865e-32 1.2241e-26
1.5208e+01 1.1712e-26 2.1744e-32 1.1712e-26
1.5401e+01 1.1271e-26 2.0677e-32 1.1271e-26
1.5597e+01 1.0911e-26 1.9664e-32 1.0911e-26
1.5795e+01 1.0624e-26 1.8700e-32 1.0624e-26
1.5996e+01 1.0405e-26 1.7783e-32 1.0405e-26
1.6199e+01 1.0243e-26 1.6911e-32 1.0243e-26
1.6405e+01 1.0128e-26 1.6083e-32 1.0128e-26
1.6613e+01 1.0054e-26 1.5295e-32 1.0054e-26
1.6824e+01 1.0003e-26 1.4545e-32 1.0003e-26
1.7038e+01 9.9620e-27 1.3833e-32 9.9620e-27
1.7254e+01 9.9186e-27 1.3155e-32 9.9186e-27
1.7474e+01 9.8673e-27 1.2511e-32 9.8673e-27
1.7696e+01 9.8038e-27 1.1898e-32 9.8038e-27
1.7921e+01 9.7235e-27 1.1316e-32 9.7235e-27
1.8148e+01 9.6245e-27 1.0762e-32 9.6245e-27
1.8379e+01 9.5038e-27 1.0235e-32 9.5038e-27
1.8612e+01 9.3584e-27 9.7344e-33 9.3584e-27
1.8849e+01 9.1840e-27 9.2580e-33 9.1840e-27
1.9088e+01 8.9766e-27 8.8051e-33 8.9766e-27
1.9331e+01 8.7470e-27 8.3744e-33 8.7470e-27
1.9576e+01 8.4838e-27 7.9648e-33 8.4838e-27
1.9825e+01 8.1969e-27 7.5753e-33 8.1969e-27
2.0077e+01 7.8977e-27 7.2050e-33 7.8977e-27
2.0332e+01 7.6056e-27 6.8528e-33 7.6056e-27
2.0590e+01 7.3214e-27 6.5178e-33 7.3214e-27
2.0852e+01 7.0510e-27 6.1994e-33 7.0510e-27
2.1117e+01 6.7962e-27 5.8965e-33 6.7962e-27
2.1385e+01 6.5494e-27 5.6084e-33 6.5494e-27
2.1657e+01 6.3164e-27 5.3345e-33 6.3164e-27
2.1932e+01 6.0937e-27 5.0741e-33 6.0937e-27
2.2210e+01 5.8704e-27 4.8263e-33 5.8704e-27
2.2492e+01 5.6476e-27 4.5908e-33 5.6476e-27
2.2778e+01 5.4240e-27 4.3667e-33 5.4240e-27
2.3068e+01 5.1983e-27 4.1537e-33 5.1983e-27
2.3361e+01 4.9774e-27 3.9510e-33 4.9774e-27
2.3657e+01 4.7597e-27 3.7583e-33 4.7597e-27
2.3958e+01 4.5462e-27 3.5751e-33 4.5462e-27
2.4262e+01 4.3416e-27 3.4008e-33 4.3416e-27
2.4571e+01 4.1426e-27 3.2350e-33 4.1426e-27
2.4883e+01 3.9502e-27 3.0774e-33 3.9502e-27
2.5199e+01 3.7669e-27 2.9275e-33 3.7669e-27
2.5519e+01 3.5921e-27 2.7848e-33 3.5921e-27
2.5843e+01 3.4245e-27 2.6492e-33 3.4245e-27
2.6171e+01 3.2638e-27 2.5202e-33 3.2638e-27
2.6504e+01 3.1108e-27 2.3976e-33 3.1108e-27
2.6841e+01 2.9649e-27 2.2809e-33 2.9649e-27
2.7182e+01 2.8248e-27 2.1699e-33 2.8248e-27
2.7527e+01 2.6909e-27 2.0644e-33 2.6909e-27
2.7877e+01 2.5621e-27 1.9639e-33 2.5621e-27
2.8231e+01 2.4395e-27 1.8685e-33 2.4395e-27
2.8589e+01 2.3231e-27 1.7777e-33 2.3231e-27
2.8953e+01 2.2119e-27 1.6913e-33 2.2119e-27
2.9321e+01 2.1052e-27 1.6091e-33 2.1052e-27
2.9693e+01 2.0040e-27 1.5309e-33 2.0040e-27
3.0070e+01 1.9076e-27 1.4566e-33 1.9076e-27
3.0452e+01 1.8154e-27 1.3859e-33 1.8154e-27
3.0839e+01 1.7275e-27 1.3186e-33 1.7275e-27
3.1231e+01 1.6440e-27 1.2546e-33 1.6440e-27
3.1628e+01 1.5637e-27 1.1937e-33 1.5637e-27
3.2029e+01 1.4874e-27 1.1358e-33 1.4874e-27
3.2436e+01 1.4152e-27 1.0808e-33 1.4152e-27
3.2848e+01 1.3463e-27 1.0284e-33 1.3463e-27
3.3266e+01 1.2806e-27 9.7853e-34 1.2806e-27
3.3688e+01 1.2180e-27 9.3111e-34 1.2180e-27
3.4116e+01 1.1585e-27 8.8600e-34 1.1585e-27
3.4550e+01 1.1019e-27 8.4310e-34 1.1019e-27
3.4989e+01 1.0478e-27 8.0227e-34 1.0478e-27
3.5433e+01 9.9663e-28 7.6343e-34 9.9663e-28
3.5883e+01 9.4764e-28 7.2649e-34 9.4764e-28
3.6339e+01 9.0109e-28 6.9133e-34 9.0109e-28
3.6801e+01 8.5694e-28 6.5789e-34 8.5694e-28
3.7268e+01 8.1460e-28 6.2607e-34 8.1460e-28
3.7742e+01 7.7466e-28 5.9580e-34 7.7467e-28
3.8221e+01 7.3649e-28 5.6699e-34 7.3649e-28
3.8707e+01 7.0017e-28 5.3959e-34 7.0017e-28
3.9199e+01 6.6570e-28 5.1352e-34 6.6570e-28
3.9697e+01 6.3298e-28 4.8871e-34 6.3298e-28
4.0201e+01 6.0181e-28 4.6511e-34 6.0181e-28
4.0712e+01 5.7211e-28 4.4265e-34 5.7211e-28
4.1229e+01 5.4397e-28 4.2128e-34 5.4397e-28
4.1753e+01 5.1700e-28 4.0094e-34 5.1700e-28
4.2283e+01 4.9149e-28 3.8160e-34 4.9149e-28
4.2820e+01 4.6724e-28 3.6319e-34 4.6724e-28
4.3364e+01 4.4414e-28 3.4566e-34 4.4415e-28
4.3915e+01 4.2223e-28 3.2899e-34 4.2223e-28
4.4473e+01 4.0136e-28 3.1313e-34 4.0136e-28
4.5038e+01 3.8150e-28 2.9803e-34 3.8150e-28
4.5610e+01 3.6265e-28 2.8366e-34 3.6265e-28
4.6190e+01 3.4476e-28 2.6999e-34 3.4476e-28
4.6777e+01 3.2761e-28 2.5698e-34 3.2761e-28
4.7371e+01 3.1147e-28 2.4460e-34 3.1147e-28
4.7973e+01 2.9601e-28 2.3282e-34 2.9601e-28
4.8582e+01 2.8138e-28 2.2160e-34 2.8138e-28
4.9199e+01 2.6745e-28 2.1093e-34 2.6745e-28
4.9824e+01 2.5421e-28 2.0077e-34 2.5421e-28
5.0457e+01 2.4163e-28 1.9111e-34 2.4163e-28
5.1098e+01 2.2966e-28 1.8191e-34 2.2966e-28
5.1747e+01 2.1829e-28 1.7315e-34 2.1829e-28
5.2405e+01 2.0749e-28 1.6482e-34 2.0749e-28
5.3071e+01 1.9723e-28 1.5689e-34 1.9723e-28
5.3745e+01 1.8745e-28 1.4933e-34 1.8745e-28
5.4428e+01 1.7816e-28 1.4215e-34 1.7816e-28
5.5119e+01 1.6933e-28 1.3531e-34 1.6933e-28
5.5819e+01 1.6096e-28 1.2880e-34 1.6096e-28
5.6528e+01 1.5298e-28 1.2260e-34 1.5298e-28
5.7247e+01 1.4541e-28 1.1671e-34 1.4541e-28
5.7974e+01 1.3821e-28 1.1109e-34 1.3821e-28
5.8710e+01 1.3137e-28 1.0575e-34 1.3137e-28
5.9456e+01 1.2486e-28 1.0066e-34 1.2486e-28
6.0212e+01 1.1866e-28 9.5820e-35 1.1866e-28
6.0977e+01 1.1280e-28 9.1211e-35 1.1280e-28
6.1751e+01 1.0720e-28 8.6824e-35 1.0720e-28
6.2536e+01 1.0191e-28 8.2648e-35 1.0191e-28
6.3330e+01 9.6861e-29 7.8672e-35 9.6862e-29
6.4135e+01 9.2058e-29 7.4889e-35 9.2058e-29
6.4949e+01 8.7494e-29 7.1286e-35 8.7494e-29
6.5775e+01 8.3158e-29 6.7857e-35 8.3158e-29
6.6610e+01 7.9045e-29 6.4593e-35 7.9045e-29
6.7456e+01 7.5131e-29 6.1486e-35 7.5131e-29
6.8313e+01 7.1408e-29 5.8528e-35 7.1408e-29
6.9181e+01 6.7873e-29 5.5711e-35 6.7873e-29
7.0060e+01 6.4514e-29 5.3031e-35 6.4514e-29
7.0950e+01 6.1322e-29 5.0479e-35 6.1323e-29
7.1852e+01 5.8282e-29 4.8050e-35 5.8282e-29
7.2764e+01 5.5400e-29 4.5738e-35 5.5400e-29
7.3689e+01 5.2653e-29 4.3536e-35 5.2653e-29
7.4625e+01 5.0050e-29 4.1440e-35 5.0050e-29
7.5573e+01 4.7577e-29 3.9445e-35 4.7577e-29
7.6533e+01 4.5223e-29 3.7546e-35 4.5223e-29
7.7505e+01 4.2977e-29 3.5738e-35 4.2977e-29
7.8490e+01 4.0851e-29 3.4017e-35 4.0851e-29
7.9487e+01 3.8833e-29 3.2378e-35 3.8833e-29
8.0497e+01 3.6908e-29 3.0818e-35 3.6908e-29
8.1520e+01 3.5084e-29 2.9333e-35 3.5084e-29
8.2555e+01 3.3349e-29 2.7920e-35 3.3349e-29
8.3604e+01 3.1702e-29 2.6574e-35 3.1702e-29
8.4666e+01 3.0132e-29 2.5293e-35 3.0132e-29
8.5742e+01 2.8641e-29 2.4074e-35 2.8641e-29
8.6831e+01 2.7225e-29 2.2913e-35 2.7225e-29
8.7934e+01 2.5879e-29 2.1808e-35 2.5879e-29
8.9051e+01 2.4600e-29 2.0756e-35 2.4600e-29
9.0183e+01 2.3380e-29 1.9754e-35 2.3380e-29
9.1328e+01 2.2226e-29 1.8801e-35 2.2226e-29
9.2489e+01 2.1128e-29 1.7894e-35 2.1128e-29
9.3664e+01 2.0082e-29 1.7030e-35 2.0082e-29
9.4854e+01 1.9090e-29 1.6208e-35 1.9090e-29
9.6059e+01 1.8145e-29 1.5425e-35 1.8145e-29
9.7279e+01 1.7249e-29 1.4680e-35 1.7249e-29
9.8515e+01 1.6397e-29 1.3971e-35 1.6397e-29
9.9766e+01 1.5586e-29 1.3295e-35 1.5586e-29
1.0103e+02 1.4815e-29 1.2653e-35 1.4815e-29
1.0232e+02 1.4083e-29 1.2041e-35 1.4083e-29
1.0362e+02 1.3387e-29 1.1459e-35 1.3387e-29
1.0493e+02 1.2726e-29 1.0904e-35 1.2726e-29
1.0627e+02 1.2098e-29 1.0377e-35 1.2098e-29
1.0762e+02 1.1500e-29 9.8748e-36 1.1500e-29
1.0898e+02 1.0932e-29 9.3969e-36 1.0932e-29
1.1037e+02 1.0391e-29 8.9419e-36 1.0391e-29
1.1177e+02 9.8786e-30 8.5089e-36 9.8787e-30
1.1319e+02 9.3917e-30 8.0968e-36 9.3918e-30
1.1463e+02 8.9270e-30 7.7045e-36 8.9270e-30
1.1608e+02 8.4869e-30 7.3312e-36 8.4869e-30
1.1756e+02 8.0669e-30 6.9759e-36 8.0669e-30
1.1905e+02 7.6695e-30 6.6377e-36 7.6695e-30
1.2057e+02 7.2904e-30 6.3158e-36 7.2904e-30
1.2210e+02 6.9310e-30 6.0094e-36 6.9310e-30
1.2365e+02 6.5882e-30 5.7180e-36 6.5883e-30
1.2522e+02 6.2633e-30 5.4405e-36 6.2633e-30
1.2681e+02 5.9544e-30 5.1764e-36 5.9544e-30
1.2842e+02 5.6601e-30 4.9252e-36 5.6601e-30
1.3005e+02 5.3804e-30 4.6860e-36 5.3804e-30
1.3170e+02 5.1159e-30 4.4584e-36 5.1159e-30
1.3338e+02 4.8632e-30 4.2418e-36 4.8632e-30
1.3507e+02 4.6231e-30 4.0357e-36 4.6231e-30
1.3679e+02 4.3949e-30 3.8396e-36 4.3949e-30
1.3853e+02 4.1780e-30 3.6529e-36 4.1780e-30
1.4029e+02 3.9718e-30 3.4753e-36 3.9718e-30
1.4207e+02 3.7758e-30 3.3063e-36 3.7758e-30
1.4387e+02 3.5895e-30 3.1455e-36 3.5895e-30
1.4570e+02 3.4125e-30 2.9925e-36 3.4125e-30
1.4755e+02 3.2442e-30 2.8468e-36 3.2442e-30
1.4943e+02 3.0843e-30 2.7083e-36 3.0843e-30
1.5132e+02 2.9322e-30 2.5764e-36 2.9322e-30
1.5325e+02 2.7877e-30 2.4510e-36 2.7877e-30
1.5519e+02 2.6503e-30 2.3316e-36 2.6503e-30
1.5717e+02 2.5198e-30 2.2180e-36 2.5198e-30
1.5916e+02 2.3954e-30 2.1099e-36 2.3954e-30
1.6118e+02 2.2771e-30 2.0071e-36 2.2771e-30
1.6323e+02 2.1649e-30 1.9093e-36 2.1649e-30
1.6531e+02 2.0583e-30 1.8162e-36 2.0583e-30
1.6741e+02 1.9570e-30 1.7276e-36 1.9570e-30
1.6953e+02 1.8602e-30 1.6434e-36 1.8602e-30
1.7169e+02 1.7686e-30 1.5632e-36 1.7686e-30
1.7387e+02 1.6816e-30 1.4869e-36 1.6816e-30
1.7608e+02 1.5988e-30 1.4144e-36 1.5988e-30
1.7831e+02 1.5198e-30 1.3454e-36 1.5198e-30
1.8058e+02 1.4450e-30 1.2797e-36 1.4450e-30
1.8287e+02 1.3738e-30 1.2172e-36 1.3738e-30
1.8520e+02 1.3060e-30 1.1578e-36 1.3060e-30
1.8755e+02 1.2418e-30 1.1012e-36 1.2418e-30
1.8993e+02 1.1805e-30 1.0474e-36 1.1805e-30
1.9234e+02 1.1224e-30 9.9626e-37 1.1224e-30
1.9479e+02 1.0672e-30 9.4758e-37 1.0672e-30
1.9726e+02 1.0144e-30 9.0127e-37 1.0144e-30
1.9977e+02 9.6459e-31 8.5722e-37 9.6459e-31
2.0231e+02 9.1713e-31 8.1531e-37 9.1713e-31
2.0488e+02 8.7187e-31 7.7544e-37 8.7187e-31
2.0748e+02 8.2895e-31 7.3753e-37 8.2895e-31
2.1012e+02 7.8809e-31 7.0146e-37 7.8809e-31
2.1278e+02 7.4925e-31 6.6714e-37 7.4925e-31
2.1549e+02 7.1237e-31 6.3451e-37 7.1237e-31
2.1823e+02 6.7737e-31 6.0346e-37 6.7737e-31
2.2100e+02 6.4395e-31 5.7393e-37 6.4395e-31
2.2381e+02 6.1230e-31 5.4584e-37 6.1230e-31
2.2665e+02 5.8208e-31 5.1912e-37 5.8208e-31
2.2953e+02 5.5347e-31 4.9370e-37 5.5347e-31
2.3244e+02 5.2617e-31 4.6953e-37 5.2617e-31
2.3540e+02 5.0029e-31 4.4654e-37 5.0029e-31
2.3839e+02 4.7565e-31 4.2467e-37 4.7565e-31
2.4142e+02 4.5223e-31 4.0387e-37 4.5223e-31
2.4448e+02 4.2998e-31 3.8409e-37 4.2998e-31
2.4759e+02 4.0879e-31 3.6527e-37 4.0879e-31
2.5073e+02 3.8870e-31 3.4737e-37 3.8870e-31
2.5392e+02 3.6952e-31 3.3035e-37 3.6953e-31
2.5715e+02 3.5138e-31 3.1416e-37 3.5138e-31
2.6041e+02 3.3405e-31 2.9876e-37 3.3405e-31
2.6372e+02 3.1764e-31 2.8412e-37 3.1764e-31
2.6707e+02 3.0199e-31 2.7019e-37 3.0199e-31
2.7046e+02 2.8714e-31 2.5695e-37 2.8714e-31
2.7390e+02 2.7297e-31 2.4435e-37 2.7297e-31
2.7738e+02 2.5954e-31 2.3236e-37 2.5954e-31
2.8090e+02 2.4676e-31 2.2097e-37 2.4676e-31
2.8447e+02 2.3464e-31 2.1013e-37 2.3464e-31
2.8809e+02 2.2308e-31 1.9982e-37 2.2308e-31
2.9175e+02 2.1212e-31 1.9002e-37 2.1213e-31
2.9545e+02 2.0167e-31 1.8070e-37 2.0167e-31
2.9921e+02 1.9176e-31 1.7183e-37 1.9176e-31
3.0301e+02 1.8231e-31 1.6340e-37 1.8231e-31
3.0686e+02 1.7333e-31 1.5538e-37 1.7333e-31
3.1076e+02 1.6481e-31 1.4776e-37 1.6481e-31
3.1470e+02 1.5670e-31 1.4050e-37 1.5671e-31
3.1870e+02 1.4899e-31 1.3361e-37 1.4899e-31
3.2275e+02 1.4167e-31 1.2705e-37 1.4167e-31
3.2685e+02 1.3470e-31 1.2081e-37 1.3470e-31
3.3100e+02 1.2805e-31 1.1488e-37 1.2805e-31
3.3521e+02 1.2177e-31 1.0924e-37 1.2177e-31
3.3947e+02 1.1577e-31 1.0388e-37 1.1577e-31
3.4378e+02 1.1009e-31 9.8776e-38 1.1009e-31
3.4815e+02 1.0466e-31 9.3926e-38 1.0466e-31
3.5257e+02 9.9510e-32 8.9313e-38 9.9510e-32
3.5705e+02 9.4618e-32 8.4926e-38 9.4618e-32
3.6158e+02 8.9968e-32 8.0755e-38 8.9968e-32
3.6618e+02 8.5540e-32 7.6788e-38 8.5540e-32
3.7083e+02 8.1324e-32 7.3017e-38 8.1324e-32
3.7554e+02 7.7333e-32 6.9429e-38 7.7333e-32
3.8031e+02 7.3523e-32 6.6018e-38 7.3523e-32
3.8514e+02 6.9916e-32 6.2775e-38 6.9916e-32
3.9004e+02 6.6469e-32 5.9690e-38 6.6469e-32
3.9499e+02 6.3198e-32 5.6757e-38 6.3198e-32
4.0001e+02 6.0094e-32 5.3968e-38 6.0094e-32
4.0509e+02 5.7140e-32 5.1316e-38 5.7140e-32
4.1024e+02 5.4331e-32 4.8794e-38 5.4331e-32
4.1545e+02 5.1652e-32 4.6396e-38 5.1652e-32
4.2073e+02 4.9117e-32 4.4116e-38 4.9117e-32
4.2607e+02 4.6698e-32 4.1948e-38 4.6699e-32
4.3149e+02 4.4397e-32 3.9886e-38 4.4397e-32
4.3697e+02 4.2220e-32 3.7925e-38 4.2220e-32
4.4252e+02 4.0141e-32 3.6061e-38 4.0141e-32
4.4814e+02 3.8171e-32 3.4288e-38 3.8171e-32
4.5383e+02 3.6289e-32 3.2602e-38 3.6290e-32
4.5960e+02 3.4505e-32 3.1000e-38 3.4505e-32
4.6544e+02 3.2810e-32 2.9476e-38 3.2810e-32
4.7135e+02 3.1193e-32 2.8026e-38 3.1193e-32
4.7734e+02 2.9662e-32 2.6648e-38 2.9662e-32
4.8340e+02 2.8202e-32 2.5338e-38 2.8202e-32
4.8954e+02 2.6819e-32 2.4092e-38 2.6819e-32
4.9576e+02 2.5497e-32 2.2907e-38 2.5497e-32
5.0206e+02 2.4242e-32 2.1781e-38 2.4242e-32
5.0844e+02 2.3052e-32 2.0710e-38 2.3052e-32
5.1490e+02 2.1916e-32 1.9691e-38 2.1917e-32
5.2144e+02 2.0839e-32 1.8723e-38 2.0839e-32
5.2807e+02 1.9815e-32 1.7802e-38 1.9815e-32
5.3477e+02 1.8839e-32 1.6926e-38 1.8839e-32
5.4157e+02 1.7914e-32 1.6094e-38 1.7914e-32
5.4845e+02 1.7033e-32 1.5302e-38 1.7033e-32
5.5542e+02 1.6197e-32 1.4550e-38 1.6197e-32
5.6247e+02 1.5399e-32 1.3834e-38 1.5400e-32
5.6962e+02 1.4641e-32 1.3153e-38 1.4641e-32
5.7685e+02 1.3923e-32 1.2506e-38 1.3923e-32
5.8418e+02 1.3237e-32 1.1891e-38 1.3237e-32
5.9160e+02 1.2586e-32 1.1306e-38 1.2586e-32
5.9912e+02 1.1968e-32 1.0750e-38 1.1968e-32
6.0673e+02 1.1378e-32 1.0221e-38 1.1378e-32
6.1444e+02 1.0820e-32 9.7183e-39 1.0820e-32
6.2225e+02 1.0288e-32 9.2402e-39 1.0288e-32
6.3015e+02 9.7808e-33 8.7854e-39 9.7808e-33
6.3816e+02 9.3013e-33 8.3533e-39 9.3013e-33
6.4626e+02 8.8431e-33 7.9422e-39 8.8431e-33
6.5447e+02 8.4078e-33 7.5514e-39 8.4078e-33
6.6279e+02 7.9954e-33 7.1799e-39 7.9954e-33
6.7121e+02 7.6022e-33 6.8266e-39 7.6022e-33
6.7974e+02 7.2290e-33 6.4907e-39 7.2290e-33
6.8837e+02 6.8728e-33 6.1713e-39 6.8728e-33
6.9712e+02 6.5353e-33 5.8676e-39 6.5353e-33
7.0597e+02 6.2140e-33 5.5789e-39 6.2140e-33
7.1494e+02 5.9078e-33 5.3044e-39 5.9079e-33
7.2402e+02 5.6182e-33 5.0434e-39 5.6182e-33
7.3322e+02 5.3415e-33 4.7951e-39 5.3415e-33
7.4254e+02 5.0786e-33 4.5592e-39 5.0786e-33
7.5197e+02 4.8295e-33 4.3348e-39 4.8295e-33
7.6152e+02 4.5916e-33 4.1215e-39 4.5916e-33
7.7120e+02 4.3659e-33 3.9186e-39 4.3659e-33
7.8100e+02 4.1514e-33 3.7258e-39 4.1514e-33
7.9092e+02 3.9470e-33 3.5424e-39 3.9470e-33
8.0097e+02 3.7532e-33 3.3681e-39 3.7532e-33
8.1114e+02 3.5686e-33 3.2023e-39 3.5686e-33
8.2145e+02 3.3928e-33 3.0447e-39 3.3928e-33
8.3188e+02 3.2266e-33 2.8948e-39 3.2266e-33
8.4245e+02 3.0676e-33 2.7524e-39 3.0676e-33
8.5315e+02 2.9167e-33 2.6169e-39 2.9167e-33
8.6399e+02 2.7736e-33 2.4881e-39 2.7736e-33
8.7497e+02 2.6370e-33 2.3656e-39 2.6370e-33
8.8608e+02 2.5074e-33 2.2492e-39 2.5074e-33
8.9734e+02 2.3842e-33 2.1385e-39 2.3842e-33
9.0874e+02 2.2668e-33 2.0332e-39 2.2668e-33
9.2029e+02 2.1556e-33 1.9331e-39 2.1556e-33
9.3198e+02 2.0495e-33 1.8380e-39 2.0495e-33
9.4382e+02 1.9486e-33 1.7475e-39 1.9486e-33
9.5581e+02 1.8531e-33 1.6615e-39 1.8531e-33
9.6795e+02 1.7618e-33 1.5797e-39 1.7618e-33
9.8025e+02 1.6751e-33 1.5020e-39 1.6751e-33
9.9270e+02 1.5929e-33 1.4280e-39 1.5929e-33
1.0053e+03 1.5145e-33 1.3577e-39 1.5145e-33
1.0181e+03 1.4401e-33 1.2909e-39 1.4401e-33
1.0310e+03 1.3693e-33 1.2273e-39 1.3693e-33
1.0441e+03 1.3019e-33 1.1669e-39 1.3019e-33
1.0574e+03 1.2380e-33 1.1095e-39 1.2380e-33
1.0708e+03 1.1771e-33 1.0549e-39 1.1771e-33
1.0844e+03 1.1191e-33 1.0029e-39 1.1191e-33
1.0982e+03 1.0643e-33 9.5356e-40 1.0643e-33
1.1121e+03 1.0119e-33 9.0661e-40 1.0119e-33
1.1263e+03 9.6210e-34 8.6199e-40 9.6210e-34
1.1406e+03 9.1487e-34 8.1955e-40 9.1487e-34
1.1551e+03 8.6981e-34 7.7920e-40 8.6981e-34
1.1697e+03 8.2711e-34 7.4084e-40 8.2711e-34
1.1846e+03 7.8645e-34 7.0437e-40 7.8645e-34
1.1997e+03 7.4771e-34 6.6970e-40 7.4772e-34
1.2149e+03 7.1106e-34 6.3673e-40 7.1106e-34
1.2303e+03 6.7606e-34 6.0538e-40 6.7606e-34
1.2460e+03 6.4277e-34 5.7557e-40 6.4277e-34
1.2618e+03 6.1126e-34 5.4724e-40 6.1126e-34
1.2778e+03 5.8116e-34 5.2029e-40 5.8116e-34
1.2941e+03 5.5258e-34 4.9468e-40 5.5259e-34
1.3105e+03 5.2546e-34 4.7032e-40 5.2546e-34
1.3271e+03 4.9958e-34 4.4717e-40 4.9958e-34
1.3440e+03 4.7506e-34 4.2516e-40 4.7506e-34
1.3611e+03 4.5170e-34 4.0422e-40 4.5170e-34
1.3784e+03 4.2945e-34 3.8432e-40 4.2945e-34
1.3959e+03 4.0840e-34 3.6540e-40 4.0840e-34
1.4136e+03 3.8829e-34 3.4741e-40 3.8829e-34
1.4316e+03 3.6918e-34 3.3031e-40 3.6918e-34
1.4498e+03 3.5108e-34 3.1404e-40 3.5108e-34
1.4682e+03 3.3379e-34 2.9858e-40 3.3379e-34
1.4868e+03 3.1739e-34 2.8388e-40 3.1739e-34
1.5057e+03 3.0180e-34 2.6990e-40 3.0180e-34
1.5248e+03 2.8693e-34 2.5661e-40 2.8693e-34
1.5442e+03 2.7286e-34 2.4398e-40 2.7286e-34
1.5638e+03 2.5943e-34 2.3197e-40 2.5943e-34
1.5837e+03 2.4666e-34 2.2055e-40 2.4666e-34
1.6038e+03 2.3457e-34 2.0969e-40 2.3457e-34
1.6242e+03 2.2302e-34 1.9936e-40 2.2302e-34
1.6448e+03 2.1205e-34 1.8955e-40 2.1205e-34
1.6657e+03 2.0165e-34 1.8021e-40 2.0165e-34
1.6869e+03 1.9171e-34 1.7134e-40 1.9171e-34
1.7083e+03 1.8230e-34 1.6290e-40 1.8230e-34
1.7300e+03 1.7334e-34 1.5488e-40 1.7334e-34
1.7520e+03 1.6480e-34 1.4726e-40 1.6480e-34
1.7743e+03 1.5672e-34 1.4001e-40 1.5672e-34
1.7968e+03 1.4901e-34 1.3311e-40 1.4901e-34
1.8196e+03 1.4167e-34 1.2656e-40 1.4167e-34
1.8427e+03 1.3473e-34 1.2033e-40 1.3473e-34
1.8662e+03 1.2809e-34 1.1440e-40 1.2809e-34
1.8899e+03 1.2180e-34 1.0877e-40 1.2180e-34
1.9139e+03 1.1582e-34 1.0341e-40 1.1582e-34
1.9382e+03 1.1011e-34 9.8322e-41 1.1011e-34
1.9628e+03 1.0471e-34 9.3482e-41 1.0471e-34
1.9877e+03 9.9560e-35 8.8879e-41 9.9560e-35
2.0130e+03 9.4676e-35 8.4502e-41 9.4676e-35
2.0386e+03 9.0019e-35 8.0341e-41 9.0019e-35
2.0645e+03 8.5586e-35 7.6385e-41 8.5586e-35
2.0907e+03 8.1392e-35 7.2625e-41 8.1392e-35
2.1173e+03 7.7383e-35 6.9048e-41 7.7383e-35
2.1442e+03 7.3578e-35 6.5649e-41 7.3578e-35
2.1714e+03 6.9967e-35 6.2416e-41 6.9967e-35
2.1990e+03 6.6521e-35 5.9342e-41 6.6521e-35
2.2269e+03 6.3254e-35 5.6421e-41 6.3254e-35
2.2552e+03 6.0146e-35 5.3643e-41 6.0146e-35
2.2839e+03 5.7184e-35 5.1002e-41 5.7184e-35
2.3129e+03 5.4379e-35 4.8490e-41 5.4379e-35
2.3423e+03 5.1703e-35 4.6102e-41 5.1703e-35
2.3720e+03 4.9157e-35 4.3832e-41 4.9157e-35
2.4022e+03 4.6748e-35 4.1674e-41 4.6748e-35
2.4327e+03 4.4446e-35 3.9622e-41 4.4446e-35
2.4636e+03 4.2261e-35 3.7671e-41 4.2261e-35
2.4949e+03 4.0186e-35 3.5816e-41 4.0186e-35
2.5266e+03 3.8207e-35 3.4052e-41 3.8207e-35
2.5587e+03 3.6331e-35 3.2376e-41 3.6331e-35
2.5912e+03 3.4546e-35 3.0781e-41 3.4546e-35
2.6241e+03 3.2844e-35 2.9266e-41 3.2845e-35
2.6574e+03 3.1234e-35 2.7825e-41 3.1234e-35
2.6912e+03 2.9697e-35 2.6455e-41 2.9697e-35
2.7254e+03 2.8235e-35 2.5152e-41 2.8235e-35
2.7600e+03 2.6851e-35 2.3914e-41 2.6851e-35
2.7951e+03 2.5529e-35 2.2736e-41 2.5529e-35
2.8306e+03 2.4271e-35 2.1616e-41 2.4271e-35
2.8665e+03 2.3079e-35 2.0552e-41 2.3079e-35
2.9029e+03 2.1945e-35 1.9540e-41 2.1945e-35
2.9398e+03 2.0865e-35 1.8578e-41 2.0865e-35
2.9772e+03 1.9841e-35 1.7663e-41 1.9841e-35
3.0150e+03 1.8865e-35 1.6793e-41 1.8865e-35
3.0533e+03 1.7936e-35 1.5966e-41 1.7936e-35
3.0921e+03 1.7053e-35 1.5180e-41 1.7053e-35
3.1314e+03 1.6217e-35 1.4433e-41 1.6217e-35
3.1712e+03 1.5418e-35 1.3722e-41 1.5418e-35
3.2114e+03 1.4660e-35 1.3046e-41 1.4660e-35
3.2522e+03 1.3941e-35 1.2404e-41 1.3941e-35
3.2936e+03 1.3254e-35 1.1793e-41 1.3254e-35
3.3354e+03 1.2601e-35 1.1213e-41 1.2601e-35
3.3778e+03 1.1983e-35 1.0660e-41 1.1983e-35
3.4207e+03 1.1394e-35 1.0135e-41 1.1394e-35
3.4641e+03 1.0833e-35 9.6363e-42 1.0833e-35
3.5082e+03 1.0302e-35 9.1619e-42 1.0302e-35
3.5527e+03 9.7944e-36 8.7106e-42 9.7944e-36
3.5979e+03 9.3121e-36 8.2817e-42 9.3121e-36
3.6436e+03 8.8541e-36 7.8740e-42 8.8542e-36
3.6899e+03 8.4197e-36 7.4862e-42 8.4197e-36
3.7367e+03 8.0050e-36 7.1176e-42 8.0050e-36
3.7842e+03 7.6108e-36 6.7671e-42 7.6108e-36
3.8323e+03 7.2373e-36 6.4339e-42 7.2373e-36
3.8810e+03 6.8814e-36 6.1170e-42 6.8814e-36
3.9303e+03 6.5425e-36 5.8158e-42 6.5425e-36
3.9802e+03 6.2204e-36 5.5294e-42 6.2204e-36
4.0308e+03 5.9155e-36 5.2572e-42 5.9155e-36
4.0820e+03 5.6242e-36 4.9983e-42 5.6242e-36
4.1338e+03 5.3473e-36 4.7522e-42 5.3473e-36
4.1863e+03 5.0844e-36 4.5181e-42 5.0844e-36
4.2395e+03 4.8348e-36 4.2957e-42 4.8348e-36
4.2934e+03 4.5967e-36 4.0842e-42 4.5967e-36
4.3479e+03 4.3704e-36 3.8830e-42 4.3704e-36
4.4032e+03 4.1559e-36 3.6918e-42 4.1559e-36
4.4591e+03 3.9515e-36 3.5100e-42 3.9515e-36
4.5158e+03 3.7569e-36 3.3372e-42 3.7569e-36
4.5731e+03 3.5719e-36 3.1729e-42 3.5719e-36
4.6312e+03 3.3969e-36 3.0166e-42 3.3969e-36
4.6901e+03 3.2295e-36 2.8681e-42 3.2296e-36
4.7496e+03 3.0705e-36 2.7269e-42 3.0705e-36
4.8100e+03 2.9196e-36 2.5926e-42 2.9196e-36
4.8711e+03 2.7762e-36 2.4649e-42 2.7763e-36
4.9330e+03 2.6395e-36 2.3435e-42 2.6395e-36
4.9956e+03 2.5096e-36 2.2281e-42 2.5096e-36
5.0591e+03 2.3860e-36 2.1184e-42 2.3860e-36
5.1234e+03 2.2690e-36 2.0141e-42 2.2690e-36
5.1885e+03 2.1573e-36 1.9149e-42 2.1573e-36
5.2544e+03 2.0511e-36 1.8206e-42 2.0511e-36
5.3211e+03 1.9502e-36 1.7310e-42 1.9502e-36
5.3887e+03 1.8545e-36 1.6457e-42 1.8545e-36
5.4572e+03 1.7632e-36 1.5647e-42 1.7632e-36
5.5265e+03 1.6764e-36 1.4877e-42 1.6764e-36
5.5967e+03 1.5938e-36 1.4144e-42 1.5938e-36
5.6678e+03 1.5156e-36 1.3447e-42 1.5156e-36
5.7398e+03 1.4411e-36 1.2785e-42 1.4411e-36
5.8128e+03 1.3701e-36 1.2156e-42 1.3701e-36
5.8866e+03 1.3026e-36 1.1557e-42 1.3026e-36
5.9614e+03 1.2388e-36 1.0988e-42 1.2388e-36
6.0371e+03 1.1778e-36 1.0447e-42 1.1778e-36
6.1138e+03 1.1198e-36 9.9325e-43 1.1198e-36
6.1915e+03 1.0646e-36 9.4435e-43 1.0646e-36
6.2702e+03 1.0123e-36 8.9785e-43 1.0123e-36
6.3498e+03 9.6261e-37 8.5364e-43 9.6261e-37
6.4305e+03 9.1521e-37 8.1160e-43 9.1521e-37
6.5122e+03 8.7014e-37 7.7163e-43 8.7014e-37
6.5949e+03 8.2729e-37 7.3363e-43 8.2729e-37
6.6787e+03 7.8674e-37 6.9752e-43 7.8674e-37
6.7635e+03 7.4800e-37 6.6316e-43 7.4800e-37
6.8495e+03 7.1117e-37 6.3051e-43 7.1117e-37
6.9365e+03 6.7615e-37 5.9946e-43 6.7615e-37
7.0246e+03 6.4290e-37 5.6994e-43 6.4290e-37
7.1138e+03 6.1135e-37 5.4188e-43 6.1135e-37
7.2042e+03 5.8124e-37 5.1519e-43 5.8124e-37
7.2957e+03 5.5262e-37 4.8982e-43 5.5262e-37
7.3884e+03 5.2541e-37 4.6570e-43 5.2541e-37
7.4823e+03 4.9963e-37 4.4277e-43 4.9964e-37
7.5774e+03 4.7505e-37 4.2097e-43 4.7505e-37
7.6736e+03 4.5165e-37 4.0023e-43 4.5166e-37
7.7711e+03 4.2942e-37 3.8053e-43 4.2942e-37
7.8698e+03 4.0827e-37 3.6179e-43 4.0827e-37
7.9698e+03 3.8819e-37 3.4398e-43 3.8820e-37
8.0711e+03 3.6914e-37 3.2704e-43 3.6914e-37
8.1736e+03 3.5096e-37 3.1093e-43 3.5096e-37
8.2774e+03 3.3368e-37 2.9562e-43 3.3368e-37
8.3826e+03 3.1725e-37 2.8106e-43 3.1725e-37
8.4891e+03 3.0169e-37 2.6722e-43 3.0169e-37
8.5969e+03 2.8684e-37 2.5406e-43 2.8685e-37
8.7061e+03 2.7272e-37 2.4155e-43 2.7272e-37
8.8168e+03 2.5929e-37 2.2966e-43 2.5929e-37
8.9288e+03 2.4652e-37 2.1835e-43 2.4652e-37
9.0422e+03 2.3440e-37 2.0760e-43 2.3440e-37
9.1571e+03 2.2290e-37 1.9738e-43 2.2290e-37
9.2734e+03 2.1192e-37 1.8766e-43 2.1192e-37
9.3912e+03 2.0148e-37 1.7842e-43 2.0148e-37
9.5105e+03 1.9156e-37 1.6963e-43 1.9156e-37
9.6313e+03 1.8213e-37 1.6128e-43 1.8213e-37
9.7537e+03 1.7320e-37 1.5334e-43 1.7320e-37
9.8776e+03 1.6467e-37 1.4578e-43 1.6467e-37
1.0003e+04 1.5657e-37 1.3861e-43 1.5657e-37
1.0130e+04 1.4886e-37 1.3178e-43 1.4886e-37
1.0259e+04 1.4152e-37 1.2529e-43 1.4152e-37
1.0389e+04 1.3457e-37 1.1912e-43 1.3457e-37
1.0521e+04 1.2796e-37 1.1326e-43 1.2796e-37
1.0655e+04 1.2166e-37 1.0768e-43 1.2166e-37
1.0790e+04 1.1567e-37 1.0238e-43 1.1567e-37
1.0927e+04 1.0997e-37 9.7335e-44 1.0997e-37
1.1066e+04 1.0456e-37 9.2541e-44 1.0456e-37
1.1207e+04 9.9432e-38 8.7986e-44 9.9432e-38
1.1349e+04 9.4537e-38 8.3651e-44 9.4537e-38
1.1493e+04 8.9883e-38 7.9533e-44 8.9883e-38
1.1639e+04 8.5456e-38 7.5616e-44 8.5456e-38
1.1787e+04 8.1248e-38 7.1893e-44 8.1248e-38
1.1937e+04 7.7254e-38 6.8353e-44 7.7254e-38
1.2089e+04 7.3461e-38 6.4987e-44 7.3461e-38
1.2242e+04 6.9844e-38 6.1787e-44 6.9844e-38
1.2398e+04 6.6404e-38 5.8744e-44 6.6404e-38
1.2555e+04 6.3135e-38 5.5852e-44 6.3135e-38
1.2715e+04 6.0026e-38 5.3101e-44 6.0026e-38
1.2876e+04 5.7083e-38 5.0486e-44 5.7083e-38
1.3040e+04 5.4273e-38 4.8000e-44 5.4273e-38
1.3205e+04 5.1600e-38 4.5637e-44 5.1600e-38
1.3373e+04 4.9059e-38 4.3389e-44 4.9059e-38
1.3543e+04 4.6643e-38 4.1253e-44 4.6643e-38
1.3715e+04 4.4347e-38 3.9221e-44 4.4347e-38
1.3889e+04 4.2168e-38 3.7290e-44 4.2168e-38
1.4066e+04 4.0096e-38 3.5454e-44 4.0096e-38
1.4245e+04 3.8122e-38 3.3708e-44 3.8122e-38
1.4425e+04 3.6245e-38 3.2048e-44 3.6245e-38
1.4609e+04 3.4460e-38 3.0470e-44 3.4460e-38
1.4794e+04 3.2763e-38 2.8970e-44 3.2763e-38
1.4982e+04 3.1157e-38 2.7543e-44 3.1157e-38
1.5173e+04 2.9623e-38 2.6187e-44 2.9623e-38
1.5365e+04 2.8164e-38 2.4897e-44 2.8164e-38
1.5561e+04 2.6777e-38 2.3671e-44 2.6777e-38
1.5758e+04 2.5459e-38 2.2506e-44 2.5459e-38
1.5958e+04 2.4205e-38 2.1397e-44 2.4205e-38
1.6161e+04 2.3017e-38 2.0344e-44 2.3017e-38
1.6367e+04 2.1885e-38 1.9342e-44 2.1885e-38
1.6574e+04 2.0808e-38 1.8389e-44 2.0808e-38
1.6785e+04 1.9783e-38 1.7484e-44 1.9783e-38
1.6998e+04 1.8809e-38 1.6623e-44 1.8809e-38
1.7214e+04 1.7883e-38 1.5804e-44 1.7883e-38
1.7433e+04 1.7003e-38 1.5026e-44 1.7003e-38
1.7654e+04 1.6169e-38 1.4286e-44 1.6169e-38
1.7879e+04 1.5372e-38 1.3583e-44 1.5372e-38
1.8106e+04 1.4615e-38 1.2914e-44 1.4616e-38
1.8336e+04 1.3896e-38 1.2278e-44 1.3896e-38
1.8569e+04 1.3212e-38 1.1673e-44 1.3212e-38
1.8805e+04 1.2564e-38 1.1099e-44 1.2564e-38
1.9044e+04 1.1946e-38 1.0552e-44 1.1946e-38
1.9285e+04 1.1357e-38 1.0032e-44 1.1357e-38
1.9530e+04 1.0798e-38 9.5383e-45 1.0798e-38
1.9779e+04 1.0266e-38 9.0687e-45 1.0266e-38
2.0030e+04 9.7614e-39 8.6220e-45 9.7614e-39
2.0284e+04 9.2823e-39 8.1974e-45 9.2823e-39
2.0542e+04 8.8252e-39 7.7938e-45 8.8252e-39
2.0803e+04 8.3906e-39 7.4100e-45 8.3906e-39
2.1067e+04 7.9774e-39 7.0452e-45 7.9774e-39
2.1335e+04 7.5845e-39 6.6982e-45 7.5845e-39
2.1606e+04 7.2127e-39 6.3683e-45 7.2127e-39
2.1880e+04 6.8577e-39 6.0548e-45 6.8577e-39
2.2158e+04 6.5200e-39 5.7566e-45 6.5200e-39
2.2440e+04 6.1989e-39 5.4731e-45 6.1989e-39
2.2725e+04 5.8941e-39 5.2036e-45 5.8941e-39
2.3014e+04 5.6049e-39 4.9474e-45 5.6049e-39
2.3306e+04 5.3288e-39 4.7038e-45 5.3288e-39
2.3602e+04 5.0664e-39 4.4722e-45 5.0664e-39
2.3902e+04 4.8170e-39 4.2519e-45 4.8170e-39
2.4206e+04 4.5806e-39 4.0425e-45 4.5806e-39
2.4513e+04 4.3553e-39 3.8435e-45 4.3553e-39
2.4825e+04 4.1408e-39 3.6542e-45 4.1408e-39
2.5140e+04 3.9369e-39 3.4743e-45 3.9369e-39
2.5459e+04 3.7432e-39 3.3032e-45 3.7432e-39
2.5783e+04 3.5596e-39 3.1405e-45 3.5596e-39
2.6110e+04 3.3843e-39 2.9859e-45 3.3843e-39
2.6442e+04 3.2181e-39 2.8388e-45 3.2181e-39
2.6778e+04 3.0600e-39 2.6990e-45 3.0600e-39
2.7118e+04 2.9093e-39 2.5661e-45 2.9093e-39
2.7463e+04 2.7665e-39 2.4398e-45 2.7665e-39
2.7812e+04 2.6305e-39 2.3196e-45 2.6305e-39
2.8165e+04 2.5010e-39 2.2054e-45 2.5010e-39
2.8523e+04 2.3784e-39 2.0968e-45 2.3784e-39
2.8885e+04 2.2613e-39 1.9936e-45 2.2613e-39
2.9252e+04 2.1506e-39 1.8954e-45 2.1506e-39
2.9624e+04 2.0450e-39 1.8021e-45 2.0450e-39
3.0000e+04 1.9448e-39 1.7133e-45 1.9448e-39
