# Effective radius, dn_Ad/nH, dn_PAH/nH, f_ion, f_align
# [Microns] [Number/H] [Number/H] [] []
# Note dn_i/nH = (1/nH)*(dn/da)_i*da, i.e., the number of grains
# of composition i per H atom in the size bin centered at the effective radius.
3.5481e-04 0.0000e+00 0.0000e+00 2.6189e-01 6.5655e-05
3.7584e-04 0.0000e+00 0.0000e+00 2.7317e-01 7.2822e-05
3.9811e-04 0.0000e+00 0.0000e+00 2.8475e-01 8.0768e-05
4.2170e-04 0.0000e+00 4.2926e-08 2.9662e-01 8.9582e-05
4.4668e-04 0.0000e+00 4.1684e-08 3.0876e-01 9.9355e-05
4.7315e-04 2.2879e-09 3.9648e-08 3.2118e-01 1.1020e-04
5.0119e-04 1.7449e-09 3.6939e-08 3.3386e-01 1.2222e-04
5.3088e-04 1.3309e-09 3.3710e-08 3.4678e-01 1.3556e-04
5.6234e-04 1.0153e-09 3.0132e-08 3.5993e-01 1.5035e-04
5.9566e-04 7.7484e-10 2.6382e-08 3.7330e-01 1.6675e-04
6.3096e-04 5.9166e-10 2.2624e-08 3.8686e-01 1.8495e-04
6.6834e-04 4.5217e-10 1.9005e-08 4.0060e-01 2.0513e-04
7.0795e-04 3.4585e-10 1.5637e-08 4.1450e-01 2.2751e-04
7.4989e-04 2.6486e-10 1.2603e-08 4.2854e-01 2.5233e-04
7.9433e-04 2.0308e-10 9.9488e-09 4.4269e-01 2.7986e-04
8.4140e-04 1.5594e-10 7.6927e-09 4.5693e-01 3.1040e-04
8.9125e-04 1.1995e-10 5.8268e-09 4.7125e-01 3.4426e-04
9.4406e-04 9.2429e-11 4.3230e-09 4.8561e-01 3.8181e-04
1.0000e-03 7.1362e-11 3.1419e-09 5.0000e-01 4.2346e-04
1.0593e-03 5.5205e-11 2.2365e-09 5.1440e-01 4.6969e-04
1.1220e-03 4.2824e-11 1.5609e-09 5.2875e-01 5.2086e-04
1.1885e-03 3.3290e-11 1.0675e-09 5.4307e-01 5.7769e-04
1.2589e-03 2.5950e-11 7.1639e-10 5.5731e-01 6.4067e-04
1.3335e-03 2.0283e-11 4.7243e-10 5.7146e-01 7.1055e-04
1.4125e-03 1.5901e-11 3.0728e-10 5.8549e-01 7.8801e-04
1.4962e-03 1.2505e-11 1.9844e-10 5.9939e-01 8.7394e-04
1.5849e-03 9.8669e-12 1.2889e-10 6.1314e-01 9.6927e-04
1.6788e-03 7.8173e-12 8.6112e-11 6.2670e-01 1.0749e-03
1.7783e-03 6.2229e-12 6.1082e-11 6.4007e-01 1.1921e-03
1.8836e-03 4.9867e-12 4.7557e-11 6.5321e-01 1.3220e-03
1.9953e-03 4.0331e-12 4.1233e-11 6.6614e-01 1.4661e-03
2.1135e-03 3.3124e-12 3.9261e-11 6.7882e-01 1.6258e-03
2.2387e-03 2.7884e-12 3.9727e-11 6.9123e-01 1.8029e-03
2.3714e-03 2.4402e-12 4.1368e-11 7.0339e-01 1.9993e-03
2.5119e-03 2.2603e-12 4.3348e-11 7.1525e-01 2.2170e-03
2.6607e-03 2.2515e-12 4.5114e-11 7.2683e-01 2.4583e-03
2.8184e-03 2.4253e-12 4.6310e-11 7.3811e-01 2.7259e-03
2.9854e-03 2.7992e-12 4.6723e-11 7.4908e-01 3.0225e-03
3.1623e-03 3.3931e-12 4.6250e-11 7.5975e-01 3.3512e-03
3.3497e-03 4.2245e-12 4.4880e-11 7.7010e-01 3.7156e-03
3.5481e-03 5.3023e-12 4.2675e-11 7.8013e-01 4.1193e-03
3.7584e-03 6.6240e-12 3.9753e-11 7.8985e-01 4.5669e-03
3.9811e-03 8.1656e-12 3.6276e-11 7.9924e-01 5.0628e-03
4.2170e-03 9.8818e-12 3.2426e-11 8.0832e-01 5.6122e-03
4.4668e-03 1.1703e-11 2.8392e-11 8.1708e-01 6.2207e-03
4.7315e-03 1.3538e-11 2.4350e-11 8.2553e-01 6.8949e-03
5.0119e-03 1.5280e-11 2.0455e-11 8.3366e-01 7.6418e-03
5.3088e-03 1.6814e-11 1.6832e-11 8.4149e-01 8.4684e-03
5.6234e-03 1.8031e-11 1.3566e-11 8.4902e-01 9.3840e-03
5.9566e-03 1.8839e-11 1.0710e-11 8.5625e-01 1.0397e-02
6.3096e-03 1.9173e-11 8.2811e-12 8.6319e-01 1.1519e-02
6.6834e-03 1.9005e-11 6.2726e-12 8.6985e-01 1.2760e-02
7.0795e-03 1.8347e-11 4.6533e-12 8.7623e-01 1.4133e-02
7.4989e-03 1.7249e-11 3.3817e-12 8.8234e-01 1.5651e-02
7.9433e-03 1.5793e-11 2.4070e-12 8.8818e-01 1.7330e-02
8.4140e-03 1.4081e-11 1.6781e-12 8.9378e-01 1.9185e-02
8.9125e-03 1.2226e-11 1.1461e-12 8.9912e-01 2.1234e-02
9.4406e-03 1.0338e-11 7.6662e-13 9.0422e-01 2.3497e-02
1.0000e-02 8.5134e-12 5.0229e-13 9.0909e-01 2.5994e-02
1.0593e-02 6.8269e-12 3.2224e-13 9.1374e-01 2.8752e-02
1.1220e-02 5.3347e-12 2.0267e-13 9.1817e-01 3.1786e-02
1.1885e-02 4.0596e-12 1.2477e-13 9.2239e-01 3.5134e-02
1.2589e-02 3.0107e-12 7.5265e-14 9.2641e-01 3.8818e-02
1.3335e-02 2.1762e-12 4.4461e-14 9.3024e-01 4.2873e-02
1.4125e-02 1.5342e-12 2.5730e-14 9.3388e-01 4.7330e-02
1.4962e-02 1.0557e-12 1.4583e-14 9.3735e-01 5.2226e-02
1.5849e-02 7.1000e-13 8.0936e-15 9.4065e-01 5.7600e-02
1.6788e-02 4.6802e-13 4.4015e-15 9.4378e-01 6.3486e-02
1.7783e-02 3.0344e-13 2.3440e-15 9.4676e-01 6.9931e-02
1.8836e-02 1.9486e-13 1.2235e-15 9.4959e-01 7.6970e-02
1.9953e-02 1.2507e-13 6.2489e-16 9.5227e-01 8.4665e-02
2.1135e-02 8.1543e-14 3.1284e-16 9.5482e-01 9.3043e-02
2.2387e-02 5.5058e-14 1.5341e-16 9.5724e-01 1.0216e-01
2.3714e-02 3.9318e-14 7.3655e-17 9.5954e-01 1.1206e-01
2.5119e-02 3.0167e-14 3.4649e-17 9.6171e-01 1.2279e-01
2.6607e-02 2.4927e-14 1.5968e-17 9.6378e-01 1.3438e-01
2.8184e-02 2.1944e-14 7.2050e-18 9.6573e-01 1.4690e-01
2.9854e-02 2.0238e-14 3.1851e-18 9.6759e-01 1.6036e-01
3.1623e-02 1.9236e-14 1.3791e-18 9.6935e-01 1.7480e-01
3.3497e-02 1.8618e-14 5.8485e-19 9.7101e-01 1.9025e-01
3.5481e-02 1.8207e-14 2.4305e-19 9.7259e-01 2.0671e-01
3.7584e-02 1.7910e-14 9.8876e-20 9.7408e-01 2.2422e-01
3.9811e-02 1.7675e-14 3.9409e-20 9.7550e-01 2.4275e-01
4.2170e-02 1.7474e-14 1.5385e-20 9.7684e-01 2.6229e-01
4.4668e-02 1.7292e-14 5.8849e-21 9.7810e-01 2.8281e-01
4.7315e-02 1.7117e-14 2.2041e-21 9.7930e-01 3.0429e-01
5.0119e-02 1.6943e-14 8.0853e-22 9.8044e-01 3.2665e-01
5.3088e-02 1.6763e-14 2.9063e-22 9.8151e-01 3.4982e-01
5.6234e-02 1.6570e-14 1.0229e-22 9.8253e-01 3.7373e-01
5.9566e-02 1.6359e-14 3.5269e-23 9.8349e-01 3.9828e-01
6.3096e-02 1.6126e-14 1.1909e-23 9.8440e-01 4.2334e-01
6.6834e-02 1.5865e-14 3.9403e-24 9.8526e-01 4.4880e-01
7.0795e-02 1.5572e-14 1.2764e-24 9.8607e-01 4.7454e-01
7.4989e-02 1.5242e-14 4.0519e-25 9.8684e-01 5.0041e-01
7.9433e-02 1.4871e-14 1.2594e-25 9.8757e-01 5.2629e-01
8.4139e-02 1.4457e-14 3.8355e-26 9.8825e-01 5.5201e-01
8.9125e-02 1.3999e-14 1.1438e-26 9.8890e-01 5.7747e-01
9.4406e-02 1.3493e-14 3.3416e-27 9.8952e-01 6.0252e-01
1.0000e-01 1.2942e-14 9.5619e-28 9.9010e-01 6.2704e-01
1.0593e-01 1.2345e-14 2.6775e-28 9.9065e-01 6.5095e-01
1.1220e-01 1.1707e-14 7.3607e-29 9.9117e-01 6.7407e-01
1.1885e-01 1.1030e-14 1.9787e-29 9.9166e-01 6.9641e-01
1.2589e-01 1.0321e-14 5.2143e-30 9.9212e-01 7.1785e-01
1.3335e-01 9.5844e-15 1.3452e-30 9.9256e-01 7.3835e-01
1.4125e-01 8.8294e-15 3.4003e-31 9.9297e-01 7.5786e-01
1.4962e-01 8.0640e-15 8.4165e-32 9.9336e-01 7.7635e-01
1.5849e-01 7.2973e-15 2.0393e-32 9.9373e-01 7.9383e-01
1.6788e-01 6.5396e-15 4.8439e-33 9.9408e-01 8.1026e-01
1.7783e-01 5.7999e-15 1.1264e-33 9.9441e-01 8.2568e-01
1.8836e-01 5.0882e-15 2.5691e-34 9.9472e-01 8.4008e-01
1.9953e-01 4.4114e-15 5.7270e-35 9.9501e-01 8.5352e-01
2.1135e-01 3.7784e-15 1.2524e-35 9.9529e-01 8.6600e-01
2.2387e-01 3.1948e-15 2.6829e-36 9.9555e-01 8.7757e-01
2.3714e-01 2.6644e-15 5.6239e-37 9.9580e-01 8.8827e-01
2.5119e-01 2.1908e-15 1.1556e-37 9.9603e-01 8.9815e-01
2.6607e-01 1.7745e-15 2.3263e-38 9.9626e-01 9.0724e-01
2.8184e-01 1.4148e-15 4.5832e-39 9.9646e-01 9.1559e-01
2.9854e-01 1.1096e-15 8.8486e-40 9.9666e-01 9.2326e-01
3.1623e-01 8.5541e-16 1.6733e-40 9.9685e-01 9.3029e-01
3.3497e-01 6.4766e-16 3.0988e-41 9.9702e-01 9.3671e-01
3.5481e-01 4.8132e-16 5.6262e-42 9.9719e-01 9.4258e-01
3.7584e-01 3.5069e-16 9.9936e-43 9.9735e-01 9.4794e-01
3.9811e-01 2.5038e-16 1.7396e-43 9.9749e-01 9.5282e-01
4.2170e-01 1.7501e-16 2.9660e-44 9.9763e-01 9.5726e-01
4.4668e-01 1.1967e-16 4.9560e-45 9.9777e-01 9.6130e-01
4.7315e-01 7.9962e-17 8.1059e-46 9.9789e-01 9.6498e-01
5.0119e-01 5.2171e-17 1.2985e-46 9.9801e-01 9.6831e-01
5.3088e-01 3.3214e-17 2.0389e-47 9.9812e-01 9.7134e-01
5.6234e-01 2.0607e-17 3.1338e-48 9.9822e-01 9.7409e-01
5.9566e-01 1.2451e-17 4.7191e-49 9.9832e-01 9.7658e-01
6.3096e-01 7.3179e-18 6.9586e-50 9.9842e-01 9.7884e-01
6.6834e-01 4.1811e-18 1.0057e-50 9.9851e-01 9.8088e-01
7.0795e-01 2.3190e-18 1.4225e-51 9.9859e-01 9.8273e-01
7.4989e-01 1.2480e-18 1.9725e-52 9.9867e-01 9.8440e-01
7.9433e-01 6.5062e-19 2.6773e-53 9.9874e-01 9.8591e-01
8.4139e-01 3.2842e-19 3.5615e-54 9.9881e-01 9.8728e-01
8.9125e-01 1.6028e-19 4.6383e-55 9.9888e-01 9.8852e-01
9.4406e-01 7.5562e-20 5.9180e-56 9.9894e-01 9.8964e-01
1.0000e+00 3.4373e-20 7.3957e-57 9.9900e-01 9.9065e-01
1.0593e+00 1.5061e-20 9.0387e-58 9.9906e-01 9.9156e-01
1.1220e+00 6.3633e-21 1.0862e-58 9.9911e-01 9.9238e-01
1.1885e+00 2.5825e-21 1.2750e-59 9.9916e-01 9.9313e-01
1.2589e+00 1.0073e-21 1.4677e-60 9.9921e-01 9.9380e-01
1.3335e+00 3.7678e-22 1.6536e-61 9.9925e-01 9.9441e-01
1.4125e+00 1.3509e-22 1.8258e-62 9.9929e-01 9.9495e-01
1.4962e+00 4.6344e-23 1.9736e-63 9.9933e-01 9.9545e-01
1.5849e+00 1.5190e-23 2.0876e-64 9.9937e-01 9.9589e-01
1.6788e+00 4.7566e-24 2.1659e-65 9.9940e-01 9.9630e-01
1.7783e+00 1.4196e-24 2.1992e-66 9.9944e-01 9.9666e-01
1.8836e+00 4.0387e-25 2.1918e-67 9.9947e-01 9.9699e-01
1.9953e+00 1.0907e-25 2.1326e-68 9.9950e-01 9.9728e-01
2.1135e+00 2.8013e-26 2.0372e-69 9.9953e-01 9.9755e-01
2.2387e+00 6.8237e-27 1.9063e-70 9.9955e-01 9.9779e-01
2.3714e+00 1.5730e-27 1.7447e-71 9.9958e-01 9.9801e-01
2.5119e+00 3.4317e-28 1.5658e-72 9.9960e-01 9.9820e-01
2.6607e+00 7.0730e-29 1.3769e-73 9.9962e-01 9.9838e-01
2.8184e+00 1.3737e-29 1.1845e-74 9.9965e-01 9.9854e-01
2.9854e+00 2.5137e-30 9.9879e-76 9.9967e-01 9.9868e-01
3.1623e+00 4.3253e-31 8.2486e-77 9.9968e-01 9.9881e-01
3.3497e+00 6.9867e-32 6.6709e-78 9.9970e-01 9.9893e-01
3.5481e+00 1.0591e-32 5.2914e-79 9.9972e-01 9.9903e-01
3.7584e+00 1.5009e-33 4.1039e-80 9.9973e-01 9.9913e-01
3.9811e+00 1.9890e-34 3.1199e-81 9.9975e-01 9.9921e-01
4.2170e+00 2.4595e-35 2.3232e-82 9.9976e-01 9.9929e-01
4.4668e+00 2.8354e-36 1.6958e-83 9.9978e-01 9.9936e-01
4.7315e+00 3.0378e-37 1.2112e-84 9.9979e-01 9.9942e-01
5.0119e+00 3.0220e-38 8.4729e-86 9.9980e-01 9.9948e-01
