# Wavelengths [Microns]
1.0000e-01
1.0127e-01
1.0256e-01
1.0386e-01
1.0518e-01
1.0652e-01
1.0787e-01
1.0924e-01
1.1063e-01
1.1203e-01
1.1346e-01
1.1490e-01
1.1636e-01
1.1783e-01
1.1933e-01
1.2085e-01
1.2238e-01
1.2394e-01
1.2551e-01
1.2711e-01
1.2872e-01
1.3036e-01
1.3201e-01
1.3369e-01
1.3539e-01
1.3711e-01
1.3885e-01
1.4061e-01
1.4240e-01
1.4421e-01
1.4604e-01
1.4790e-01
1.4978e-01
1.5168e-01
1.5361e-01
1.5556e-01
1.5753e-01
1.5954e-01
1.6156e-01
1.6361e-01
1.6569e-01
1.6780e-01
1.6993e-01
1.7209e-01
1.7427e-01
1.7649e-01
1.7873e-01
1.8100e-01
1.8330e-01
1.8563e-01
1.8799e-01
1.9038e-01
1.9279e-01
1.9524e-01
1.9772e-01
2.0024e-01
2.0278e-01
2.0536e-01
2.0797e-01
2.1061e-01
2.1328e-01
2.1599e-01
2.1874e-01
2.2152e-01
2.2433e-01
2.2718e-01
2.3007e-01
2.3299e-01
2.3595e-01
2.3895e-01
2.4198e-01
2.4506e-01
2.4817e-01
2.5132e-01
2.5451e-01
2.5775e-01
2.6102e-01
2.6434e-01
2.6770e-01
2.7110e-01
2.7454e-01
2.7803e-01
2.8156e-01
2.8514e-01
2.8876e-01
2.9243e-01
2.9614e-01
2.9991e-01
3.0372e-01
3.0758e-01
3.1148e-01
3.1544e-01
3.1945e-01
3.2351e-01
3.2762e-01
3.3178e-01
3.3599e-01
3.4026e-01
3.4458e-01
3.4896e-01
3.5339e-01
3.5788e-01
3.6243e-01
3.6704e-01
3.7170e-01
3.7642e-01
3.8120e-01
3.8605e-01
3.9095e-01
3.9592e-01
4.0095e-01
4.0604e-01
4.1120e-01
4.1642e-01
4.2171e-01
4.2707e-01
4.3250e-01
4.3799e-01
4.4355e-01
4.4919e-01
4.5490e-01
4.6068e-01
4.6653e-01
4.7245e-01
4.7846e-01
4.8454e-01
4.9069e-01
4.9692e-01
5.0324e-01
5.0963e-01
5.1611e-01
5.2266e-01
5.2930e-01
5.3603e-01
5.4284e-01
5.4973e-01
5.5672e-01
5.6379e-01
5.7095e-01
5.7821e-01
5.8555e-01
5.9299e-01
6.0052e-01
6.0815e-01
6.1588e-01
6.2370e-01
6.3163e-01
6.3965e-01
6.4778e-01
6.5601e-01
6.6434e-01
6.7278e-01
6.8133e-01
6.8998e-01
6.9875e-01
7.0763e-01
7.1662e-01
7.2572e-01
7.3494e-01
7.4428e-01
7.5373e-01
7.6331e-01
7.7300e-01
7.8282e-01
7.9277e-01
8.0284e-01
8.1304e-01
8.2337e-01
8.3383e-01
8.4442e-01
8.5515e-01
8.6601e-01
8.7702e-01
8.8816e-01
8.9944e-01
9.1087e-01
9.2244e-01
9.3416e-01
9.4603e-01
9.5805e-01
9.7022e-01
9.8254e-01
9.9502e-01
1.0077e+00
1.0205e+00
1.0334e+00
1.0466e+00
1.0599e+00
1.0733e+00
1.0870e+00
1.1008e+00
1.1147e+00
1.1289e+00
1.1433e+00
1.1578e+00
1.1725e+00
1.1874e+00
1.2025e+00
1.2177e+00
1.2332e+00
1.2489e+00
1.2647e+00
1.2808e+00
1.2971e+00
1.3136e+00
1.3303e+00
1.3472e+00
1.3643e+00
1.3816e+00
1.3991e+00
1.4169e+00
1.4349e+00
1.4532e+00
1.4716e+00
1.4903e+00
1.5092e+00
1.5284e+00
1.5478e+00
1.5675e+00
1.5874e+00
1.6076e+00
1.6280e+00
1.6487e+00
1.6696e+00
1.6908e+00
1.7123e+00
1.7341e+00
1.7561e+00
1.7784e+00
1.8010e+00
1.8239e+00
1.8471e+00
1.8705e+00
1.8943e+00
1.9184e+00
1.9427e+00
1.9674e+00
1.9924e+00
2.0177e+00
2.0433e+00
2.0693e+00
2.0956e+00
2.1222e+00
2.1492e+00
2.1765e+00
2.2041e+00
2.2321e+00
2.2605e+00
2.2892e+00
2.3183e+00
2.3477e+00
2.3776e+00
2.4078e+00
2.4384e+00
2.4693e+00
2.5007e+00
2.5325e+00
2.5647e+00
2.5972e+00
2.6302e+00
2.6636e+00
2.6975e+00
2.7318e+00
2.7665e+00
2.8016e+00
2.8372e+00
2.8732e+00
2.9097e+00
2.9467e+00
2.9841e+00
3.0221e+00
3.0605e+00
3.0993e+00
3.1387e+00
3.1786e+00
3.2190e+00
3.2599e+00
3.3013e+00
3.3432e+00
3.3857e+00
3.4287e+00
3.4723e+00
3.5164e+00
3.5610e+00
3.6063e+00
3.6521e+00
3.6985e+00
3.7455e+00
3.7931e+00
3.8412e+00
3.8900e+00
3.9395e+00
3.9895e+00
4.0402e+00
4.0915e+00
4.1435e+00
4.1961e+00
4.2495e+00
4.3034e+00
4.3581e+00
4.4135e+00
4.4695e+00
4.5263e+00
4.5838e+00
4.6421e+00
4.7010e+00
4.7608e+00
4.8212e+00
4.8825e+00
4.9445e+00
5.0073e+00
5.0710e+00
5.1354e+00
5.2006e+00
5.2667e+00
5.3336e+00
5.4014e+00
5.4700e+00
5.5395e+00
5.6098e+00
5.6811e+00
5.7533e+00
5.8264e+00
5.9004e+00
5.9754e+00
6.0513e+00
6.1281e+00
6.2060e+00
6.2848e+00
6.3647e+00
6.4455e+00
6.5274e+00
6.6104e+00
6.6943e+00
6.7794e+00
6.8655e+00
6.9527e+00
7.0411e+00
7.1305e+00
7.2211e+00
7.3128e+00
7.4057e+00
7.4998e+00
7.5951e+00
7.6916e+00
7.7893e+00
7.8883e+00
7.9885e+00
8.0900e+00
8.1927e+00
8.2968e+00
8.4022e+00
8.5090e+00
8.6171e+00
8.7265e+00
8.8374e+00
8.9497e+00
9.0634e+00
9.1785e+00
9.2951e+00
9.4132e+00
9.5328e+00
9.6539e+00
9.7765e+00
9.9007e+00
1.0027e+01
1.0154e+01
1.0283e+01
1.0414e+01
1.0546e+01
1.0680e+01
1.0815e+01
1.0953e+01
1.1092e+01
1.1233e+01
1.1376e+01
1.1520e+01
1.1667e+01
1.1815e+01
1.1965e+01
1.2117e+01
1.2271e+01
1.2427e+01
1.2585e+01
1.2744e+01
1.2906e+01
1.3070e+01
1.3236e+01
1.3404e+01
1.3575e+01
1.3747e+01
1.3922e+01
1.4099e+01
1.4278e+01
1.4459e+01
1.4643e+01
1.4829e+01
1.5017e+01
1.5208e+01
1.5401e+01
1.5597e+01
1.5795e+01
1.5996e+01
1.6199e+01
1.6405e+01
1.6613e+01
1.6824e+01
1.7038e+01
1.7254e+01
1.7474e+01
1.7696e+01
1.7921e+01
1.8148e+01
1.8379e+01
1.8612e+01
1.8849e+01
1.9088e+01
1.9331e+01
1.9576e+01
1.9825e+01
2.0077e+01
2.0332e+01
2.0590e+01
2.0852e+01
2.1117e+01
2.1385e+01
2.1657e+01
2.1932e+01
2.2210e+01
2.2492e+01
2.2778e+01
2.3068e+01
2.3361e+01
2.3657e+01
2.3958e+01
2.4262e+01
2.4571e+01
2.4883e+01
2.5199e+01
2.5519e+01
2.5843e+01
2.6171e+01
2.6504e+01
2.6841e+01
2.7182e+01
2.7527e+01
2.7877e+01
2.8231e+01
2.8589e+01
2.8953e+01
2.9321e+01
2.9693e+01
3.0070e+01
3.0452e+01
3.0839e+01
3.1231e+01
3.1628e+01
3.2029e+01
3.2436e+01
3.2848e+01
3.3266e+01
3.3688e+01
3.4116e+01
3.4550e+01
3.4989e+01
3.5433e+01
3.5883e+01
3.6339e+01
3.6801e+01
3.7268e+01
3.7742e+01
3.8221e+01
3.8707e+01
3.9199e+01
3.9697e+01
4.0201e+01
4.0712e+01
4.1229e+01
4.1753e+01
4.2283e+01
4.2820e+01
4.3364e+01
4.3915e+01
4.4473e+01
4.5038e+01
4.5610e+01
4.6190e+01
4.6777e+01
4.7371e+01
4.7973e+01
4.8582e+01
4.9199e+01
4.9824e+01
5.0457e+01
5.1098e+01
5.1747e+01
5.2405e+01
5.3071e+01
5.3745e+01
5.4428e+01
5.5119e+01
5.5819e+01
5.6528e+01
5.7247e+01
5.7974e+01
5.8710e+01
5.9456e+01
6.0212e+01
6.0977e+01
6.1751e+01
6.2536e+01
6.3330e+01
6.4135e+01
6.4949e+01
6.5775e+01
6.6610e+01
6.7456e+01
6.8313e+01
6.9181e+01
7.0060e+01
7.0950e+01
7.1852e+01
7.2764e+01
7.3689e+01
7.4625e+01
7.5573e+01
7.6533e+01
7.7505e+01
7.8490e+01
7.9487e+01
8.0497e+01
8.1520e+01
8.2555e+01
8.3604e+01
8.4666e+01
8.5742e+01
8.6831e+01
8.7934e+01
8.9051e+01
9.0183e+01
9.1328e+01
9.2489e+01
9.3664e+01
9.4854e+01
9.6059e+01
9.7279e+01
9.8515e+01
9.9766e+01
1.0103e+02
1.0232e+02
1.0362e+02
1.0493e+02
1.0627e+02
1.0762e+02
1.0898e+02
1.1037e+02
1.1177e+02
1.1319e+02
1.1463e+02
1.1608e+02
1.1756e+02
1.1905e+02
1.2057e+02
1.2210e+02
1.2365e+02
1.2522e+02
1.2681e+02
1.2842e+02
1.3005e+02
1.3170e+02
1.3338e+02
1.3507e+02
1.3679e+02
1.3853e+02
1.4029e+02
1.4207e+02
1.4387e+02
1.4570e+02
1.4755e+02
1.4943e+02
1.5132e+02
1.5325e+02
1.5519e+02
1.5717e+02
1.5916e+02
1.6118e+02
1.6323e+02
1.6531e+02
1.6741e+02
1.6953e+02
1.7169e+02
1.7387e+02
1.7608e+02
1.7831e+02
1.8058e+02
1.8287e+02
1.8520e+02
1.8755e+02
1.8993e+02
1.9234e+02
1.9479e+02
1.9726e+02
1.9977e+02
2.0231e+02
2.0488e+02
2.0748e+02
2.1012e+02
2.1278e+02
2.1549e+02
2.1823e+02
2.2100e+02
2.2381e+02
2.2665e+02
2.2953e+02
2.3244e+02
2.3540e+02
2.3839e+02
2.4142e+02
2.4448e+02
2.4759e+02
2.5073e+02
2.5392e+02
2.5715e+02
2.6041e+02
2.6372e+02
2.6707e+02
2.7046e+02
2.7390e+02
2.7738e+02
2.8090e+02
2.8447e+02
2.8809e+02
2.9175e+02
2.9545e+02
2.9921e+02
3.0301e+02
3.0686e+02
3.1076e+02
3.1470e+02
3.1870e+02
3.2275e+02
3.2685e+02
3.3100e+02
3.3521e+02
3.3947e+02
3.4378e+02
3.4815e+02
3.5257e+02
3.5705e+02
3.6158e+02
3.6618e+02
3.7083e+02
3.7554e+02
3.8031e+02
3.8514e+02
3.9004e+02
3.9499e+02
4.0001e+02
4.0509e+02
4.1024e+02
4.1545e+02
4.2073e+02
4.2607e+02
4.3149e+02
4.3697e+02
4.4252e+02
4.4814e+02
4.5383e+02
4.5960e+02
4.6544e+02
4.7135e+02
4.7734e+02
4.8340e+02
4.8954e+02
4.9576e+02
5.0206e+02
5.0844e+02
5.1490e+02
5.2144e+02
5.2807e+02
5.3477e+02
5.4157e+02
5.4845e+02
5.5542e+02
5.6247e+02
5.6962e+02
5.7685e+02
5.8418e+02
5.9160e+02
5.9912e+02
6.0673e+02
6.1444e+02
6.2225e+02
6.3015e+02
6.3816e+02
6.4626e+02
6.5447e+02
6.6279e+02
6.7121e+02
6.7974e+02
6.8837e+02
6.9712e+02
7.0597e+02
7.1494e+02
7.2402e+02
7.3322e+02
7.4254e+02
7.5197e+02
7.6152e+02
7.7120e+02
7.8100e+02
7.9092e+02
8.0097e+02
8.1114e+02
8.2145e+02
8.3188e+02
8.4245e+02
8.5315e+02
8.6399e+02
8.7497e+02
8.8608e+02
8.9734e+02
9.0874e+02
9.2029e+02
9.3198e+02
9.4382e+02
9.5581e+02
9.6795e+02
9.8025e+02
9.9270e+02
1.0053e+03
1.0181e+03
1.0310e+03
1.0441e+03
1.0574e+03
1.0708e+03
1.0844e+03
1.0982e+03
1.1121e+03
1.1263e+03
1.1406e+03
1.1551e+03
1.1697e+03
1.1846e+03
1.1997e+03
1.2149e+03
1.2303e+03
1.2460e+03
1.2618e+03
1.2778e+03
1.2941e+03
1.3105e+03
1.3271e+03
1.3440e+03
1.3611e+03
1.3784e+03
1.3959e+03
1.4136e+03
1.4316e+03
1.4498e+03
1.4682e+03
1.4868e+03
1.5057e+03
1.5248e+03
1.5442e+03
1.5638e+03
1.5837e+03
1.6038e+03
1.6242e+03
1.6448e+03
1.6657e+03
1.6869e+03
1.7083e+03
1.7300e+03
1.7520e+03
1.7743e+03
1.7968e+03
1.8196e+03
1.8427e+03
1.8662e+03
1.8899e+03
1.9139e+03
1.9382e+03
1.9628e+03
1.9877e+03
2.0130e+03
2.0386e+03
2.0645e+03
2.0907e+03
2.1173e+03
2.1442e+03
2.1714e+03
2.1990e+03
2.2269e+03
2.2552e+03
2.2839e+03
2.3129e+03
2.3423e+03
2.3720e+03
2.4022e+03
2.4327e+03
2.4636e+03
2.4949e+03
2.5266e+03
2.5587e+03
2.5912e+03
2.6241e+03
2.6574e+03
2.6912e+03
2.7254e+03
2.7600e+03
2.7951e+03
2.8306e+03
2.8665e+03
2.9029e+03
2.9398e+03
2.9772e+03
3.0150e+03
3.0533e+03
3.0921e+03
3.1314e+03
3.1712e+03
3.2114e+03
3.2522e+03
3.2936e+03
3.3354e+03
3.3778e+03
3.4207e+03
3.4641e+03
3.5082e+03
3.5527e+03
3.5979e+03
3.6436e+03
3.6899e+03
3.7367e+03
3.7842e+03
3.8323e+03
3.8810e+03
3.9303e+03
3.9802e+03
4.0308e+03
4.0820e+03
4.1338e+03
4.1863e+03
4.2395e+03
4.2934e+03
4.3479e+03
4.4032e+03
4.4591e+03
4.5158e+03
4.5731e+03
4.6312e+03
4.6901e+03
4.7496e+03
4.8100e+03
4.8711e+03
4.9330e+03
4.9956e+03
5.0591e+03
5.1234e+03
5.1885e+03
5.2544e+03
5.3211e+03
5.3887e+03
5.4572e+03
5.5265e+03
5.5967e+03
5.6678e+03
5.7398e+03
5.8128e+03
5.8866e+03
5.9614e+03
6.0371e+03
6.1138e+03
6.1915e+03
6.2702e+03
6.3498e+03
6.4305e+03
6.5122e+03
6.5949e+03
6.6787e+03
6.7635e+03
6.8495e+03
6.9365e+03
7.0246e+03
7.1138e+03
7.2042e+03
7.2957e+03
7.3884e+03
7.4823e+03
7.5774e+03
7.6736e+03
7.7711e+03
7.8698e+03
7.9698e+03
8.0711e+03
8.1736e+03
8.2774e+03
8.3826e+03
8.4891e+03
8.5969e+03
8.7061e+03
8.8168e+03
8.9288e+03
9.0422e+03
9.1571e+03
9.2734e+03
9.3912e+03
9.5105e+03
9.6313e+03
9.7537e+03
9.8776e+03
1.0003e+04
1.0130e+04
1.0259e+04
1.0389e+04
1.0521e+04
1.0655e+04
1.0790e+04
1.0927e+04
1.1066e+04
1.1207e+04
1.1349e+04
1.1493e+04
1.1639e+04
1.1787e+04
1.1937e+04
1.2089e+04
1.2242e+04
1.2398e+04
1.2555e+04
1.2715e+04
1.2876e+04
1.3040e+04
1.3205e+04
1.3373e+04
1.3543e+04
1.3715e+04
1.3889e+04
1.4066e+04
1.4245e+04
1.4425e+04
1.4609e+04
1.4794e+04
1.4982e+04
1.5173e+04
1.5365e+04
1.5561e+04
1.5758e+04
1.5958e+04
1.6161e+04
1.6367e+04
1.6574e+04
1.6785e+04
1.6998e+04
1.7214e+04
1.7433e+04
1.7654e+04
1.7879e+04
1.8106e+04
1.8336e+04
1.8569e+04
1.8805e+04
1.9044e+04
1.9285e+04
1.9530e+04
1.9779e+04
2.0030e+04
2.0284e+04
2.0542e+04
2.0803e+04
2.1067e+04
2.1335e+04
2.1606e+04
2.1880e+04
2.2158e+04
2.2440e+04
2.2725e+04
2.3014e+04
2.3306e+04
2.3602e+04
2.3902e+04
2.4206e+04
2.4513e+04
2.4825e+04
2.5140e+04
2.5459e+04
2.5783e+04
2.6110e+04
2.6442e+04
2.6778e+04
2.7118e+04
2.7463e+04
2.7812e+04
2.8165e+04
2.8523e+04
2.8885e+04
2.9252e+04
2.9624e+04
3.0000e+04
