# DH21 astrodust SED for Mathis ISRF, U = 1.585
# Enthalpy stage: S2
# columns: lambda[um]    lambda*I_lambda / N_H [erg s^-1 cm^-2 sr^-1 H^-1]
  9.120000E-02   3.04285185E-62
  9.226000E-02   8.09637911E-62
  9.332000E-02   3.51243701E-61
  9.441000E-02   9.24548952E-61
  9.550000E-02   2.37851482E-60
  9.661000E-02   6.46046400E-60
  9.772000E-02   1.61990105E-59
  9.886000E-02   4.10526727E-59
  1.000000E-01   1.01018013E-58
  1.012000E-01   2.54700499E-58
  1.023000E-01   5.83287311E-58
  1.035000E-01   1.40876365E-57
  1.047000E-01   3.32961488E-57
  1.059000E-01   7.70848966E-57
  1.072000E-01   1.87032537E-56
  1.084000E-01   4.15372588E-56
  1.097000E-01   9.64932236E-56
  1.109000E-01   2.06142149E-55
  1.122000E-01   4.60025016E-55
  1.135000E-01   1.00722854E-54
  1.148000E-01   2.16543869E-54
  1.161000E-01   4.56450638E-54
  1.175000E-01   9.97022974E-54
  1.189000E-01   2.13347526E-53
  1.202000E-01   4.24896989E-53
  1.216000E-01   8.75907862E-53
  1.230000E-01   1.77325531E-52
  1.244000E-01   3.52999021E-52
  1.259000E-01   7.25080329E-52
  1.274000E-01   1.46131108E-51
  1.288000E-01   2.76445369E-51
  1.303000E-01   5.38091578E-51
  1.318000E-01   1.03097707E-50
  1.333000E-01   1.94213909E-50
  1.349000E-01   3.74455389E-50
  1.365000E-01   7.08703602E-50
  1.380000E-01   1.26609603E-49
  1.396000E-01   2.29637710E-49
  1.412000E-01   4.09389755E-49
  1.429000E-01   7.42697722E-49
  1.445000E-01   1.27801602E-48
  1.462000E-01   2.23226247E-48
  1.479000E-01   3.82873666E-48
  1.496000E-01   6.46576396E-48
  1.514000E-01   1.10670160E-47
  1.531000E-01   1.80765773E-47
  1.549000E-01   2.98410600E-47
  1.567000E-01   4.87078367E-47
  1.585000E-01   7.84471986E-47
  1.603000E-01   1.24635852E-46
  1.622000E-01   2.00390381E-46
  1.641000E-01   3.17526906E-46
  1.660000E-01   5.00145713E-46
  1.679000E-01   7.88497636E-46
  1.698000E-01   1.23186058E-45
  1.718000E-01   1.95269249E-45
  1.738000E-01   3.07144997E-45
  1.758000E-01   4.80181714E-45
  1.778000E-01   7.40443711E-45
  1.799000E-01   1.13875221E-44
  1.820000E-01   1.73377273E-44
  1.841000E-01   2.61634833E-44
  1.862000E-01   3.91678161E-44
  1.884000E-01   5.93645103E-44
  1.905000E-01   8.78067408E-44
  1.928000E-01   1.37714385E-43
  1.950000E-01   2.11378159E-43
  1.972000E-01   3.23037139E-43
  1.995000E-01   5.01194742E-43
  2.018000E-01   7.74481284E-43
  2.042000E-01   1.21437223E-42
  2.065000E-01   1.86122138E-42
  2.089000E-01   2.83153907E-42
  2.113000E-01   4.26269260E-42
  2.138000E-01   6.46488820E-42
  2.163000E-01   9.71138335E-42
  2.188000E-01   1.44544549E-41
  2.213000E-01   2.13233329E-41
  2.239000E-01   3.16631439E-41
  2.265000E-01   4.65960616E-41
  2.291000E-01   6.79953312E-41
  2.317000E-01   9.84101824E-41
  2.344000E-01   1.43204359E-40
  2.371000E-01   2.06605396E-40
  2.399000E-01   2.99323535E-40
  2.427000E-01   4.29817577E-40
  2.455000E-01   6.12155418E-40
  2.483000E-01   8.64745762E-40
  2.512000E-01   1.22714466E-39
  2.541000E-01   1.72702889E-39
  2.570000E-01   2.41097209E-39
  2.600000E-01   3.37708334E-39
  2.630000E-01   4.69197029E-39
  2.661000E-01   6.53744723E-39
  2.691000E-01   8.94178712E-39
  2.723000E-01   1.23909916E-38
  2.754000E-01   1.68663112E-38
  2.786000E-01   2.30107342E-38
  2.818000E-01   3.11655741E-38
  2.851000E-01   4.22835798E-38
  2.884000E-01   5.69507618E-38
  2.917000E-01   7.61681296E-38
  2.951000E-01   1.02018631E-37
  2.985000E-01   1.35718989E-37
  3.020000E-01   1.80755732E-37
  3.055000E-01   2.39089508E-37
  3.090000E-01   3.14136111E-37
  3.126000E-01   4.13132698E-37
  3.162000E-01   5.39750208E-37
  3.199000E-01   7.05895681E-37
  3.236000E-01   9.17112753E-37
  3.273000E-01   1.18387568E-36
  3.311000E-01   1.52951616E-36
  3.350000E-01   1.97670688E-36
  3.388000E-01   2.52258194E-36
  3.428000E-01   3.24091377E-36
  3.467000E-01   4.11326556E-36
  3.507000E-01   5.22214398E-36
  3.548000E-01   6.63007027E-36
  3.589000E-01   8.36880905E-36
  3.631000E-01   1.05636466E-35
  3.673000E-01   1.32563989E-35
  3.715000E-01   1.65485114E-35
  3.758000E-01   2.06519185E-35
  3.802000E-01   2.57690016E-35
  3.846000E-01   3.19749443E-35
  3.891000E-01   3.96618465E-35
  3.936000E-01   4.89454322E-35
  3.981000E-01   6.00858276E-35
  4.027000E-01   7.37337340E-35
  4.074000E-01   9.04208243E-35
  4.121000E-01   1.10329012E-34
  4.169000E-01   1.34544086E-34
  4.217000E-01   1.63289362E-34
  4.266000E-01   1.98032945E-34
  4.315000E-01   2.39057076E-34
  4.365000E-01   2.88283257E-34
  4.416000E-01   3.47421310E-34
  4.467000E-01   4.16773291E-34
  4.519000E-01   4.99454341E-34
  4.571000E-01   5.95985343E-34
  4.624000E-01   7.10373202E-34
  4.677000E-01   8.43280831E-34
  4.732000E-01   1.00303351E-33
  4.786000E-01   1.18438576E-33
  4.842000E-01   1.40144070E-33
  4.898000E-01   1.65131209E-33
  4.954000E-01   1.93804888E-33
  5.012000E-01   2.27825840E-33
  5.070000E-01   2.66807216E-33
  5.129000E-01   3.12053843E-33
  5.188000E-01   3.63558231E-33
  5.248000E-01   4.23030993E-33
  5.309000E-01   4.91659765E-33
  5.370000E-01   5.69291157E-33
  5.433000E-01   6.59952429E-33
  5.495000E-01   7.60552512E-33
  5.559000E-01   8.77307538E-33
  5.623000E-01   1.00852614E-32
  5.688000E-01   1.15789019E-32
  5.754000E-01   1.32762902E-32
  5.821000E-01   1.52019957E-32
  5.888000E-01   1.73492247E-32
  5.957000E-01   1.98114149E-32
  6.026000E-01   2.25471911E-32
  6.095000E-01   2.55814319E-32
  6.166000E-01   2.90353892E-32
  6.237000E-01   3.28472014E-32
  6.310000E-01   3.71805694E-32
  6.383000E-01   4.19468305E-32
  6.457000E-01   4.72588293E-32
  6.531000E-01   5.30868022E-32
  6.607000E-01   5.96552252E-32
  6.683000E-01   6.68476447E-32
  6.761000E-01   7.49086401E-32
  6.839000E-01   8.37100114E-32
  6.918000E-01   9.34108308E-32
  6.998000E-01   1.04100420E-31
  7.079000E-01   1.15844890E-31
  7.161000E-01   1.28736229E-31
  7.244000E-01   1.42899402E-31
  7.328000E-01   1.58361915E-31
  7.413000E-01   1.75254444E-31
  7.499000E-01   1.93680421E-31
  7.586000E-01   2.13763689E-31
  7.674000E-01   2.35586756E-31
  7.763000E-01   2.59301187E-31
  7.852000E-01   2.84742107E-31
  7.943000E-01   3.12555358E-31
  8.035000E-01   3.42653582E-31
  8.128000E-01   3.75105758E-31
  8.222000E-01   4.10049987E-31
  8.318000E-01   4.48060437E-31
  8.414000E-01   4.88524947E-31
  8.511000E-01   5.31904743E-31
  8.610000E-01   5.78912175E-31
  8.710000E-01   6.29191444E-31
  8.810000E-01   6.82545112E-31
  8.913000E-01   7.40521248E-31
  9.016000E-01   8.01868958E-31
  9.120000E-01   8.67332881E-31
  9.226000E-01   9.37470868E-31
  9.333000E-01   1.01222164E-30
  9.441000E-01   1.09127569E-30
  9.550000E-01   1.17529778E-30
  9.661000E-01   1.26482651E-30
  9.772000E-01   1.35812768E-30
  9.886000E-01   1.45614764E-30
  1.000000E+00   1.56040492E-30
  1.012000E+00   1.68411836E-30
  1.023000E+00   1.80338298E-30
  1.035000E+00   1.93974852E-30
  1.047000E+00   2.08335552E-30
  1.059000E+00   2.23390946E-30
  1.071000E+00   2.39138719E-30
  1.084000E+00   2.57089209E-30
  1.097000E+00   2.75879243E-30
  1.109000E+00   2.94014760E-30
  1.122000E+00   3.14554266E-30
  1.135000E+00   3.36050402E-30
  1.148000E+00   3.58438206E-30
  1.161000E+00   3.81811563E-30
  1.175000E+00   4.08024180E-30
  1.189000E+00   4.35376002E-30
  1.202000E+00   4.61659302E-30
  1.216000E+00   4.91061616E-30
  1.230000E+00   5.21465824E-30
  1.245000E+00   5.55183906E-30
  1.259000E+00   5.87611040E-30
  1.273000E+00   6.20915034E-30
  1.288000E+00   6.57714903E-30
  1.303000E+00   6.95440533E-30
  1.318000E+00   7.34245797E-30
  1.334000E+00   7.76843625E-30
  1.349000E+00   8.17596426E-30
  1.365000E+00   8.62255038E-30
  1.380000E+00   9.05003627E-30
  1.396000E+00   9.51689789E-30
  1.413000E+00   1.00246628E-29
  1.429000E+00   1.05125349E-29
  1.445000E+00   1.10090443E-29
  1.462000E+00   1.15471252E-29
  1.479000E+00   1.20958137E-29
  1.496000E+00   1.26555690E-29
  1.514000E+00   1.32590358E-29
  1.531000E+00   1.38415836E-29
  1.549000E+00   1.44673975E-29
  1.567000E+00   1.51023141E-29
  1.585000E+00   1.57495413E-29
  1.603000E+00   1.64102551E-29
  1.622000E+00   1.71173390E-29
  1.641000E+00   1.78365147E-29
  1.660000E+00   1.85695215E-29
  1.679000E+00   1.93148430E-29
  1.698000E+00   2.00725290E-29
  1.718000E+00   2.08842229E-29
  1.738000E+00   2.17116785E-29
  1.758000E+00   2.25519096E-29
  1.778000E+00   2.34103665E-29
  1.799000E+00   2.43265173E-29
  1.820000E+00   2.52605367E-29
  1.841000E+00   2.62124842E-29
  1.862000E+00   2.71818518E-29
  1.884000E+00   2.82180900E-29
  1.906000E+00   2.92717180E-29
  1.928000E+00   3.03491541E-29
  1.950000E+00   3.14464514E-29
  1.972000E+00   3.25622409E-29
  1.995000E+00   3.37502186E-29
  2.018000E+00   3.49589925E-29
  2.042000E+00   3.62445478E-29
  2.065000E+00   3.74955644E-29
  2.089000E+00   3.88190131E-29
  2.114000E+00   4.02169432E-29
  2.138000E+00   4.15714573E-29
  2.163000E+00   4.30015598E-29
  2.188000E+00   4.44338998E-29
  2.213000E+00   4.58870691E-29
  2.239000E+00   4.73983646E-29
  2.265000E+00   4.89227956E-29
  2.291000E+00   5.04578151E-29
  2.317000E+00   5.19993543E-29
  2.344000E+00   5.35996088E-29
  2.371000E+00   5.52546239E-29
  2.399000E+00   5.69682517E-29
  2.427000E+00   5.86834195E-29
  2.455000E+00   6.03935637E-29
  2.483000E+00   6.21020851E-29
  2.512000E+00   6.39269720E-29
  2.541000E+00   6.57423093E-29
  2.570000E+00   6.75512000E-29
  2.600000E+00   6.94819965E-29
  2.630000E+00   7.14007599E-29
  2.661000E+00   7.34422409E-29
  2.691000E+00   7.53442630E-29
  2.723000E+00   7.74951676E-29
  2.754000E+00   7.95043413E-29
  2.786000E+00   8.16299246E-29
  2.818000E+00   8.38107454E-29
  2.851000E+00   8.60366455E-29
  2.884000E+00   8.83233563E-29
  2.917000E+00   9.05876791E-29
  2.951000E+00   9.29673547E-29
  2.985000E+00   9.53292088E-29
  3.020000E+00   9.77973907E-29
  3.055000E+00   1.00173675E-28
  3.090000E+00   1.02447971E-28
  3.126000E+00   1.04763133E-28
  3.162000E+00   1.06907010E-28
  3.199000E+00   1.09088063E-28
  3.236000E+00   1.11184022E-28
  3.273000E+00   1.13209041E-28
  3.311000E+00   1.15510317E-28
  3.350000E+00   1.20457462E-28
  3.388000E+00   1.28636248E-28
  3.428000E+00   1.30466302E-28
  3.467000E+00   1.31967947E-28
  3.507000E+00   1.30613328E-28
  3.548000E+00   1.30165933E-28
  3.589000E+00   1.28447384E-28
  3.631000E+00   1.28642312E-28
  3.673000E+00   1.30078846E-28
  3.715000E+00   1.31587633E-28
  3.758000E+00   1.33066542E-28
  3.802000E+00   1.34624369E-28
  3.846000E+00   1.36212851E-28
  3.891000E+00   1.37734530E-28
  3.935000E+00   1.39257090E-28
  3.981000E+00   1.40894222E-28
  4.027000E+00   1.42494946E-28
  4.074000E+00   1.44102932E-28
  4.121000E+00   1.45752664E-28
  4.169000E+00   1.47398493E-28
  4.217000E+00   1.49087232E-28
  4.266000E+00   1.50853977E-28
  4.315000E+00   1.52580916E-28
  4.365000E+00   1.54396718E-28
  4.416000E+00   1.56197138E-28
  4.467000E+00   1.58048243E-28
  4.519000E+00   1.59965985E-28
  4.571000E+00   1.61851845E-28
  4.624000E+00   1.63814590E-28
  4.677000E+00   1.65721259E-28
  4.732000E+00   1.67739329E-28
  4.786000E+00   1.69676997E-28
  4.842000E+00   1.71641815E-28
  4.898000E+00   1.73639035E-28
  4.955000E+00   1.75614425E-28
  5.012000E+00   1.77544439E-28
  5.070000E+00   1.79459783E-28
  5.129000E+00   1.81372917E-28
  5.188000E+00   1.83229189E-28
  5.248000E+00   1.85068075E-28
  5.309000E+00   1.86904092E-28
  5.370000E+00   1.88679150E-28
  5.432000E+00   1.90452231E-28
  5.495000E+00   1.92291180E-28
  5.559000E+00   1.94042275E-28
  5.623000E+00   1.95732966E-28
  5.688000E+00   1.97433855E-28
  5.754000E+00   1.99102830E-28
  5.821000E+00   2.00683303E-28
  5.888000E+00   2.02317969E-28
  5.957000E+00   2.03955271E-28
  6.026000E+00   2.05566111E-28
  6.095000E+00   2.07053640E-28
  6.166000E+00   2.08655746E-28
  6.237000E+00   2.10135490E-28
  6.310000E+00   2.11630474E-28
  6.383000E+00   2.13118956E-28
  6.457000E+00   2.14604172E-28
  6.531000E+00   2.15985478E-28
  6.607000E+00   2.17416509E-28
  6.683000E+00   2.18778009E-28
  6.761000E+00   2.20432662E-28
  6.839000E+00   2.26327618E-28
  6.918000E+00   2.23778505E-28
  6.998000E+00   2.24193719E-28
  7.080000E+00   2.25444952E-28
  7.161000E+00   2.26745153E-28
  7.244000E+00   2.28018595E-28
  7.328000E+00   2.29183968E-28
  7.413000E+00   2.30422427E-28
  7.499000E+00   2.31669939E-28
  7.586000E+00   2.32780139E-28
  7.674000E+00   2.33970003E-28
  7.762000E+00   2.34428631E-28
  7.852000E+00   2.35921602E-28
  7.943000E+00   2.39610873E-28
  8.035000E+00   2.45904152E-28
  8.128000E+00   2.54785771E-28
  8.222000E+00   2.66947465E-28
  8.318000E+00   2.85921598E-28
  8.414000E+00   3.03685430E-28
  8.511000E+00   3.20619416E-28
  8.610000E+00   3.30954824E-28
  8.710000E+00   3.49276333E-28
  8.811000E+00   3.84124414E-28
  8.913000E+00   4.19827028E-28
  9.016000E+00   4.53200995E-28
  9.120000E+00   4.89403158E-28
  9.226000E+00   5.27463243E-28
  9.333000E+00   5.62619089E-28
  9.441000E+00   5.91166751E-28
  9.550000E+00   6.12443929E-28
  9.660000E+00   6.26488130E-28
  9.772000E+00   6.33589142E-28
  9.885000E+00   6.33583575E-28
  1.000000E+01   6.26719070E-28
  1.012000E+01   6.13081196E-28
  1.023000E+01   5.97149679E-28
  1.035000E+01   5.78990268E-28
  1.047000E+01   5.61681619E-28
  1.059000E+01   5.45171968E-28
  1.072000E+01   5.27991875E-28
  1.084000E+01   5.12468229E-28
  1.097000E+01   4.95362734E-28
  1.109000E+01   4.78885086E-28
  1.122000E+01   4.59561542E-28
  1.135000E+01   4.38603195E-28
  1.148000E+01   4.20283955E-28
  1.161000E+01   4.04227258E-28
  1.175000E+01   3.88348898E-28
  1.189000E+01   3.72682837E-28
  1.202000E+01   3.57707976E-28
  1.216000E+01   3.41966430E-28
  1.230000E+01   3.27994553E-28
  1.244000E+01   3.17143917E-28
  1.259000E+01   3.10502029E-28
  1.273000E+01   3.08813499E-28
  1.288000E+01   3.09603480E-28
  1.303000E+01   3.09554302E-28
  1.318000E+01   3.10203515E-28
  1.334000E+01   3.11002201E-28
  1.349000E+01   3.11732972E-28
  1.365000E+01   3.12886200E-28
  1.380000E+01   3.14392481E-28
  1.396000E+01   3.16627875E-28
  1.412000E+01   3.19559899E-28
  1.429000E+01   3.23496243E-28
  1.445000E+01   3.28126798E-28
  1.462000E+01   3.34134534E-28
  1.479000E+01   3.41431240E-28
  1.496000E+01   3.50039992E-28
  1.514000E+01   3.60370549E-28
  1.531000E+01   3.71189581E-28
  1.549000E+01   3.83627279E-28
  1.567000E+01   3.96789280E-28
  1.585000E+01   4.10453359E-28
  1.603000E+01   4.24517815E-28
  1.622000E+01   4.39419200E-28
  1.641000E+01   4.54186159E-28
  1.660000E+01   4.68467847E-28
  1.679000E+01   4.82032976E-28
  1.698000E+01   4.94540248E-28
  1.718000E+01   5.06421615E-28
  1.738000E+01   5.16973417E-28
  1.758000E+01   5.26232162E-28
  1.778000E+01   5.34108030E-28
  1.799000E+01   5.40995451E-28
  1.820000E+01   5.46464633E-28
  1.841000E+01   5.50402970E-28
  1.862000E+01   5.52958751E-28
  1.884000E+01   5.54078983E-28
  1.906000E+01   5.53631863E-28
  1.927000E+01   5.52412122E-28
  1.950000E+01   5.49900657E-28
  1.972000E+01   5.46958382E-28
  1.995000E+01   5.43595198E-28
  2.018000E+01   5.41957327E-28
  2.042000E+01   5.40811843E-28
  2.065000E+01   5.40540845E-28
  2.089000E+01   5.41115214E-28
  2.114000E+01   5.42335765E-28
  2.138000E+01   5.43695863E-28
  2.163000E+01   5.45332068E-28
  2.188000E+01   5.47003297E-28
  2.213000E+01   5.48371094E-28
  2.239000E+01   5.49195630E-28
  2.265000E+01   5.50142310E-28
  2.291000E+01   5.50920975E-28
  2.317000E+01   5.51457035E-28
  2.344000E+01   5.53181477E-28
  2.371000E+01   5.55327085E-28
  2.399000E+01   5.58570824E-28
  2.427000E+01   5.62665000E-28
  2.455000E+01   5.67968013E-28
  2.483000E+01   5.73930664E-28
  2.512000E+01   5.81068632E-28
  2.541000E+01   5.89769176E-28
  2.570000E+01   5.99516496E-28
  2.600000E+01   6.10442742E-28
  2.630000E+01   6.22634849E-28
  2.661000E+01   6.36539514E-28
  2.692000E+01   6.52182140E-28
  2.723000E+01   6.68570828E-28
  2.754000E+01   6.86829730E-28
  2.786000E+01   7.06881088E-28
  2.818000E+01   7.28604174E-28
  2.851000E+01   7.52718411E-28
  2.884000E+01   7.78585822E-28
  2.917000E+01   8.06610497E-28
  2.951000E+01   8.36893271E-28
  2.985000E+01   8.69798374E-28
  3.020000E+01   9.05971805E-28
  3.055000E+01   9.44103253E-28
  3.090000E+01   9.84627704E-28
  3.126000E+01   1.02891658E-27
  3.162000E+01   1.07616311E-27
  3.199000E+01   1.12765429E-27
  3.236000E+01   1.18129703E-27
  3.273000E+01   1.23892390E-27
  3.311000E+01   1.30235825E-27
  3.350000E+01   1.36957110E-27
  3.388000E+01   1.43862108E-27
  3.428000E+01   1.51638427E-27
  3.467000E+01   1.59627734E-27
  3.508000E+01   1.68397856E-27
  3.548000E+01   1.77494138E-27
  3.589000E+01   1.87338681E-27
  3.631000E+01   1.97955401E-27
  3.673000E+01   2.08972296E-27
  3.715000E+01   2.20747465E-27
  3.758000E+01   2.33369156E-27
  3.802000E+01   2.46812058E-27
  3.846000E+01   2.61114172E-27
  3.890000E+01   2.76133475E-27
  3.935000E+01   2.92257676E-27
  3.981000E+01   3.09562960E-27
  4.027000E+01   3.27968664E-27
  4.074000E+01   3.47272523E-27
  4.121000E+01   3.67990786E-27
  4.169000E+01   3.90233858E-27
  4.217000E+01   4.13308547E-27
  4.266000E+01   4.38035807E-27
  4.315000E+01   4.64261456E-27
  4.365000E+01   4.92345118E-27
  4.416000E+01   5.22412717E-27
  4.467000E+01   5.54354951E-27
  4.519000E+01   5.87735593E-27
  4.571000E+01   6.23529879E-27
  4.624000E+01   6.61833510E-27
  4.677000E+01   7.01987997E-27
  4.731000E+01   7.44874015E-27
  4.786000E+01   7.90662063E-27
  4.842000E+01   8.38942355E-27
  4.898000E+01   8.91345957E-27
  4.954000E+01   9.44941344E-27
  5.012000E+01   1.00324268E-26
  5.070000E+01   1.06499463E-26
  5.129000E+01   1.13063030E-26
  5.188000E+01   1.19935686E-26
  5.248000E+01   1.27226476E-26
  5.309000E+01   1.34980703E-26
  5.370000E+01   1.43152845E-26
  5.433000E+01   1.51971050E-26
  5.495000E+01   1.61008547E-26
  5.559000E+01   1.70737096E-26
  5.623000E+01   1.80862018E-26
  5.688000E+01   1.91660709E-26
  5.754000E+01   2.02958982E-26
  5.821000E+01   2.14985735E-26
  5.888000E+01   2.27481002E-26
  5.957000E+01   2.40814034E-26
  6.026000E+01   2.54782645E-26
  6.095000E+01   2.69082383E-26
  6.166000E+01   2.84462087E-26
  6.237000E+01   3.00131101E-26
  6.310000E+01   3.16972970E-26
  6.383000E+01   3.34307069E-26
  6.457000E+01   3.52648020E-26
  6.531000E+01   3.71234837E-26
  6.607000E+01   3.91108397E-26
  6.683000E+01   4.11199636E-26
  6.761000E+01   4.32616653E-26
  6.839000E+01   4.54503072E-26
  6.918000E+01   4.77163512E-26
  6.998000E+01   5.00535323E-26
  7.079000E+01   5.24663295E-26
  7.161000E+01   5.49908858E-26
  7.244000E+01   5.75451282E-26
  7.328000E+01   6.02102002E-26
  7.413000E+01   6.29387520E-26
  7.499000E+01   6.56909429E-26
  7.586000E+01   6.85510958E-26
  7.674000E+01   7.14731574E-26
  7.762000E+01   7.44585844E-26
  7.852000E+01   7.74745170E-26
  7.943000E+01   8.05504903E-26
  8.035000E+01   8.37166345E-26
  8.128000E+01   8.68568565E-26
  8.222000E+01   9.01045315E-26
  8.318000E+01   9.33462679E-26
  8.414000E+01   9.66409813E-26
  8.511000E+01   9.99444281E-26
  8.610000E+01   1.03297712E-25
  8.710000E+01   1.06664807E-25
  8.811000E+01   1.10016986E-25
  8.912000E+01   1.13350040E-25
  9.016000E+01   1.16803360E-25
  9.120000E+01   1.20114441E-25
  9.226000E+01   1.23436721E-25
  9.332000E+01   1.26781512E-25
  9.441000E+01   1.30073638E-25
  9.550000E+01   1.33360850E-25
  9.661000E+01   1.36631478E-25
  9.772000E+01   1.39735231E-25
  9.886000E+01   1.42905604E-25
  1.000000E+02   1.45984540E-25
  1.012000E+02   1.49110634E-25
  1.023000E+02   1.51879082E-25
  1.035000E+02   1.54791162E-25
  1.047000E+02   1.57561462E-25
  1.059000E+02   1.60244201E-25
  1.072000E+02   1.62983182E-25
  1.084000E+02   1.65389109E-25
  1.097000E+02   1.67951664E-25
  1.109000E+02   1.70112873E-25
  1.122000E+02   1.72285689E-25
  1.135000E+02   1.74322800E-25
  1.148000E+02   1.76344535E-25
  1.161000E+02   1.78098788E-25
  1.175000E+02   1.79938759E-25
  1.188000E+02   1.81437299E-25
  1.202000E+02   1.82958703E-25
  1.216000E+02   1.84209434E-25
  1.230000E+02   1.85468367E-25
  1.244000E+02   1.86526929E-25
  1.259000E+02   1.87433491E-25
  1.273000E+02   1.88222354E-25
  1.288000E+02   1.88901800E-25
  1.303000E+02   1.89446948E-25
  1.318000E+02   1.89745130E-25
  1.334000E+02   1.90005506E-25
  1.349000E+02   1.90134168E-25
  1.365000E+02   1.90112939E-25
  1.380000E+02   1.89968428E-25
  1.396000E+02   1.89672651E-25
  1.412000E+02   1.89270683E-25
  1.429000E+02   1.88694074E-25
  1.445000E+02   1.88046428E-25
  1.462000E+02   1.87222303E-25
  1.479000E+02   1.86307206E-25
  1.496000E+02   1.85260397E-25
  1.514000E+02   1.84071665E-25
  1.531000E+02   1.82828285E-25
  1.549000E+02   1.81449524E-25
  1.567000E+02   1.79955673E-25
  1.585000E+02   1.78403184E-25
  1.603000E+02   1.76875685E-25
  1.622000E+02   1.75044194E-25
  1.641000E+02   1.73169904E-25
  1.660000E+02   1.71261333E-25
  1.679000E+02   1.69227900E-25
  1.698000E+02   1.67330509E-25
  1.718000E+02   1.65104897E-25
  1.738000E+02   1.62865065E-25
  1.758000E+02   1.60616137E-25
  1.778000E+02   1.58426924E-25
  1.799000E+02   1.55975165E-25
  1.820000E+02   1.53531525E-25
  1.841000E+02   1.51147351E-25
  1.862000E+02   1.48644451E-25
  1.884000E+02   1.46045965E-25
  1.906000E+02   1.43511030E-25
  1.928000E+02   1.40938203E-25
  1.950000E+02   1.38342376E-25
  1.972000E+02   1.35833989E-25
  1.995000E+02   1.33162712E-25
  2.018000E+02   1.30497882E-25
  2.042000E+02   1.27810108E-25
  2.065000E+02   1.25201168E-25
  2.089000E+02   1.22583017E-25
  2.114000E+02   1.19793295E-25
  2.138000E+02   1.17251048E-25
  2.163000E+02   1.14552041E-25
  2.188000E+02   1.11879587E-25
  2.213000E+02   1.09353945E-25
  2.239000E+02   1.06685810E-25
  2.265000E+02   1.04125178E-25
  2.291000E+02   1.01572174E-25
  2.317000E+02   9.91260499E-26
  2.344000E+02   9.65594932E-26
  2.371000E+02   9.41027611E-26
  2.399000E+02   9.15776705E-26
  2.427000E+02   8.91630282E-26
  2.455000E+02   8.67698891E-26
  2.483000E+02   8.44516284E-26
  2.512000E+02   8.20812680E-26
  2.541000E+02   7.98180411E-26
  2.570000E+02   7.75865821E-26
  2.600000E+02   7.53535947E-26
  2.630000E+02   7.31575860E-26
  2.661000E+02   7.09971986E-26
  2.691000E+02   6.89464569E-26
  2.723000E+02   6.68282730E-26
  2.754000E+02   6.48641504E-26
  2.786000E+02   6.28493862E-26
  2.818000E+02   6.09627468E-26
  2.851000E+02   5.90322379E-26
  2.884000E+02   5.71713328E-26
  2.917000E+02   5.53552464E-26
  2.951000E+02   5.36057723E-26
  2.985000E+02   5.18512774E-26
  3.020000E+02   5.01612041E-26
  3.055000E+02   4.85260464E-26
  3.090000E+02   4.69137892E-26
  3.126000E+02   4.53652374E-26
  3.162000E+02   4.38166585E-26
  3.199000E+02   4.23322551E-26
  3.236000E+02   4.08715302E-26
  3.273000E+02   3.94895092E-26
  3.311000E+02   3.81398537E-26
  3.350000E+02   3.67795082E-26
  3.388000E+02   3.55089534E-26
  3.428000E+02   3.42155457E-26
  3.467000E+02   3.30423730E-26
  3.508000E+02   3.18369995E-26
  3.548000E+02   3.07019751E-26
  3.589000E+02   2.95867964E-26
  3.631000E+02   2.84865489E-26
  3.673000E+02   2.74486067E-26
  3.715000E+02   2.64668800E-26
  3.758000E+02   2.54686657E-26
  3.802000E+02   2.45208690E-26
  3.846000E+02   2.35817165E-26
  3.890000E+02   2.27099437E-26
  3.935000E+02   2.18549537E-26
  3.981000E+02   2.10160482E-26
  4.027000E+02   2.02138234E-26
  4.074000E+02   1.94278746E-26
  4.121000E+02   1.86884827E-26
  4.169000E+02   1.79543056E-26
  4.217000E+02   1.72507337E-26
  4.266000E+02   1.65861186E-26
  4.315000E+02   1.59401611E-26
  4.365000E+02   1.52993730E-26
  4.416000E+02   1.46954145E-26
  4.467000E+02   1.41081530E-26
  4.519000E+02   1.35459354E-26
  4.571000E+02   1.30091176E-26
  4.624000E+02   1.24783072E-26
  4.677000E+02   1.19796025E-26
  4.731000E+02   1.15024657E-26
  4.786000E+02   1.10236847E-26
  4.842000E+02   1.05738979E-26
  4.898000E+02   1.01381061E-26
  4.955000E+02   9.72212210E-27
  5.012000E+02   9.32544224E-27
  5.070000E+02   8.93472693E-27
  5.129000E+02   8.56219296E-27
  5.188000E+02   8.21344748E-27
  5.248000E+02   7.86420043E-27
  5.309000E+02   7.53735927E-27
  5.370000E+02   7.22607467E-27
  5.432000E+02   6.92014646E-27
  5.495000E+02   6.62896213E-27
  5.559000E+02   6.34329608E-27
  5.623000E+02   6.07579324E-27
  5.688000E+02   5.82202077E-27
  5.754000E+02   5.56862608E-27
  5.821000E+02   5.33225406E-27
  5.888000E+02   5.10337077E-27
  5.957000E+02   4.88018262E-27
  6.026000E+02   4.67144282E-27
  6.095000E+02   4.47306793E-27
  6.166000E+02   4.27619049E-27
  6.237000E+02   4.09207990E-27
  6.310000E+02   3.91246297E-27
  6.383000E+02   3.74241715E-27
  6.457000E+02   3.57841395E-27
  6.531000E+02   3.42546779E-27
  6.607000E+02   3.27136556E-27
  6.683000E+02   3.13005008E-27
  6.761000E+02   2.99037355E-27
  6.839000E+02   2.85993324E-27
  6.918000E+02   2.73456759E-27
  6.998000E+02   2.61237878E-27
  7.080000E+02   2.49549350E-27
  7.161000E+02   2.38591463E-27
  7.244000E+02   2.28007922E-27
  7.328000E+02   2.17801651E-27
  7.413000E+02   2.08211841E-27
  7.499000E+02   1.98693475E-27
  7.586000E+02   1.89883803E-27
  7.674000E+02   1.81442496E-27
  7.762000E+02   1.73328807E-27
  7.852000E+02   1.65419372E-27
  7.943000E+02   1.58005047E-27
  8.035000E+02   1.50804034E-27
  8.128000E+02   1.44099582E-27
  8.222000E+02   1.37610733E-27
  8.318000E+02   1.31276685E-27
  8.414000E+02   1.25380723E-27
  8.511000E+02   1.19740679E-27
  8.610000E+02   1.14214998E-27
  8.710000E+02   1.09034044E-27
  8.810000E+02   1.04129828E-27
  8.912000E+02   9.93390818E-28
  9.016000E+02   9.47862641E-28
  9.120000E+02   9.04976379E-28
  9.226000E+02   8.62963333E-28
  9.333000E+02   8.23607848E-28
  9.441000E+02   7.86019298E-28
  9.550000E+02   7.49747948E-28
  9.660000E+02   7.15611255E-28
  9.772000E+02   6.82820041E-28
  9.885000E+02   6.51168891E-28
  1.000000E+03   6.21159781E-28
  1.012000E+03   5.91568975E-28
  1.023000E+03   5.65692154E-28
  1.035000E+03   5.39356780E-28
  1.047000E+03   5.14473968E-28
  1.059000E+03   4.90730265E-28
  1.072000E+03   4.66766336E-28
  1.084000E+03   4.45898227E-28
  1.096000E+03   4.25937076E-28
  1.109000E+03   4.05774764E-28
  1.122000E+03   3.86793299E-28
  1.135000E+03   3.68668270E-28
  1.148000E+03   3.51782085E-28
  1.161000E+03   3.35815949E-28
  1.175000E+03   3.19408449E-28
  1.188000E+03   3.05217507E-28
  1.202000E+03   2.90805905E-28
  1.216000E+03   2.77052748E-28
  1.230000E+03   2.64249209E-28
  1.244000E+03   2.52149182E-28
  1.259000E+03   2.39789455E-28
  1.274000E+03   2.28301177E-28
  1.288000E+03   2.18197015E-28
  1.303000E+03   2.07822658E-28
  1.318000E+03   1.98192387E-28
  1.334000E+03   1.88529532E-28
  1.349000E+03   1.79841539E-28
  1.365000E+03   1.71243722E-28
  1.380000E+03   1.63646441E-28
  1.396000E+03   1.55883567E-28
  1.412000E+03   1.48660801E-28
  1.429000E+03   1.41439159E-28
  1.445000E+03   1.34938552E-28
  1.462000E+03   1.28526492E-28
  1.479000E+03   1.22480590E-28
  1.496000E+03   1.16712608E-28
  1.514000E+03   1.11035704E-28
  1.531000E+03   1.05978700E-28
  1.549000E+03   1.00870215E-28
  1.567000E+03   9.61198710E-29
  1.585000E+03   9.16507332E-29
  1.603000E+03   8.73597797E-29
  1.622000E+03   8.31716406E-29
  1.641000E+03   7.92145867E-29
  1.660000E+03   7.54424118E-29
  1.679000E+03   7.19431313E-29
  1.698000E+03   6.86386045E-29
  1.718000E+03   6.53128390E-29
  1.738000E+03   6.22211416E-29
  1.758000E+03   5.93137746E-29
  1.778000E+03   5.65316245E-29
  1.799000E+03   5.38236463E-29
  1.820000E+03   5.12715899E-29
  1.841000E+03   4.88328114E-29
  1.862000E+03   4.65701455E-29
  1.884000E+03   4.43345707E-29
  1.906000E+03   4.22007161E-29
  1.928000E+03   4.02221536E-29
  1.950000E+03   3.83550800E-29
  1.972000E+03   3.65676651E-29
  1.995000E+03   3.48355567E-29
  2.018000E+03   3.31539581E-29
  2.042000E+03   3.15190451E-29
  2.065000E+03   3.00425093E-29
  2.089000E+03   2.85754807E-29
  2.114000E+03   2.71524788E-29
  2.138000E+03   2.58701017E-29
  2.163000E+03   2.45947670E-29
  2.188000E+03   2.34099312E-29
  2.213000E+03   2.22933455E-29
  2.239000E+03   2.11853564E-29
  2.265000E+03   2.01597393E-29
  2.291000E+03   1.91930242E-29
  2.317000E+03   1.82705269E-29
  2.344000E+03   1.73798788E-29
  2.371000E+03   1.65411716E-29
  2.399000E+03   1.57145658E-29
  2.427000E+03   1.49471991E-29
  2.455000E+03   1.42247084E-29
  2.483000E+03   1.35349365E-29
  2.512000E+03   1.28713254E-29
  2.541000E+03   1.22466699E-29
  2.570000E+03   1.16523806E-29
  2.600000E+03   1.10814809E-29
  2.630000E+03   1.05439769E-29
  2.661000E+03   1.00146613E-29
  2.692000E+03   9.52329395E-30
  2.723000E+03   9.06237263E-30
  2.754000E+03   8.62247688E-30
  2.786000E+03   8.20049647E-30
  2.818000E+03   7.80330985E-30
  2.851000E+03   7.41775123E-30
  2.884000E+03   7.05034919E-30
  2.917000E+03   6.71029504E-30
  2.951000E+03   6.38045098E-30
  2.985000E+03   6.06593937E-30
  3.020000E+03   5.76541499E-30
  3.055000E+03   5.48268648E-30
  3.090000E+03   5.21653639E-30
  3.126000E+03   4.95654871E-30
  3.162000E+03   4.71513450E-30
  3.199000E+03   4.48168900E-30
  3.236000E+03   4.25920367E-30
  3.273000E+03   4.05258970E-30
  3.311000E+03   3.85284652E-30
  3.350000E+03   3.66066328E-30
  3.388000E+03   3.48241509E-30
  3.428000E+03   3.30748481E-30
  3.467000E+03   3.14762247E-30
  3.508000E+03   2.98812784E-30
  3.548000E+03   2.84312839E-30
  3.589000E+03   2.70378202E-30
  3.631000E+03   2.56897285E-30
  3.673000E+03   2.44106843E-30
  3.715000E+03   2.32228758E-30
  3.758000E+03   2.20784903E-30
  3.802000E+03   2.09773824E-30
  3.846000E+03   1.99327424E-30
  3.890000E+03   1.89588695E-30
  3.936000E+03   1.80053535E-30
  3.981000E+03   1.71280989E-30
  4.027000E+03   1.62733424E-30
  4.074000E+03   1.54630167E-30
  4.121000E+03   1.47009033E-30
  4.169000E+03   1.39721173E-30
  4.217000E+03   1.32776283E-30
  4.266000E+03   1.26168943E-30
  4.315000E+03   1.19981343E-30
  4.365000E+03   1.14041497E-30
  4.416000E+03   1.08272579E-30
  4.467000E+03   1.02944163E-30
  4.519000E+03   9.78110511E-31
  4.571000E+03   9.30058036E-31
  4.624000E+03   8.83192112E-31
  4.677000E+03   8.39886249E-31
  4.732000E+03   7.97642055E-31
  4.786000E+03   7.58623342E-31
  4.842000E+03   7.20270484E-31
  4.898000E+03   6.84519970E-31
  4.954000E+03   6.51050673E-31
  5.012000E+03   6.18298945E-31
  5.070000E+03   5.87648343E-31
  5.129000E+03   5.57980613E-31
  5.188000E+03   5.30438671E-31
  5.248000E+03   5.04097426E-31
  5.309000E+03   4.79043087E-31
  5.370000E+03   4.55061671E-31
  5.432000E+03   4.32553504E-31
  5.495000E+03   4.11048063E-31
  5.559000E+03   3.90409102E-31
  5.623000E+03   3.71104270E-31
  5.688000E+03   3.52431045E-31
  5.754000E+03   3.34929281E-31
  5.821000E+03   3.18142635E-31
  5.888000E+03   3.02361143E-31
  5.957000E+03   2.86973100E-31
  6.026000E+03   2.72700772E-31
  6.095000E+03   2.59276618E-31
  6.166000E+03   2.46288608E-31
  6.237000E+03   2.34079660E-31
  6.310000E+03   2.22133305E-31
  6.383000E+03   2.11052274E-31
  6.456000E+03   2.00688924E-31
  6.531000E+03   1.90620871E-31
  6.607000E+03   1.81086380E-31
  6.683000E+03   1.72007771E-31
  6.761000E+03   1.63365341E-31
  6.839000E+03   1.55242859E-31
  6.918000E+03   1.47508036E-31
  6.998000E+03   1.40144644E-31
  7.080000E+03   1.32964412E-31
  7.161000E+03   1.26422969E-31
  7.244000E+03   1.20082692E-31
  7.328000E+03   1.14087268E-31
  7.413000E+03   1.08385129E-31
  7.499000E+03   1.02893936E-31
  7.586000E+03   9.77421368E-32
  7.674000E+03   9.28447417E-32
  7.762000E+03   8.82408869E-32
  7.852000E+03   8.38142935E-32
  7.943000E+03   7.96337865E-32
  8.035000E+03   7.55862827E-32
  8.128000E+03   7.18150748E-32
  8.222000E+03   6.82319940E-32
  8.318000E+03   6.47929588E-32
  8.414000E+03   6.15616506E-32
  8.511000E+03   5.84536688E-32
  8.610000E+03   5.55116517E-32
  8.710000E+03   5.27197989E-32
  8.810000E+03   5.01117754E-32
  8.912000E+03   4.75951896E-32
  9.016000E+03   4.51996522E-32
  9.120000E+03   4.29201788E-32
  9.226000E+03   4.07515931E-32
  9.332000E+03   3.87266503E-32
  9.441000E+03   3.67701159E-32
  9.550000E+03   3.49315456E-32
  9.660000E+03   3.31991234E-32
  9.772000E+03   3.15090053E-32
  9.886000E+03   2.99140999E-32
  1.000000E+04   2.84253411E-32
  1.012000E+04   2.69451639E-32
  1.023000E+04   2.56766574E-32
  1.035000E+04   2.43749434E-32
  1.047000E+04   2.31366520E-32
  1.059000E+04   2.19804590E-32
  1.072000E+04   2.08190775E-32
  1.084000E+04   1.98081627E-32
  1.096000E+04   1.88551585E-32
  1.109000E+04   1.78845684E-32
  1.122000E+04   1.69687192E-32
  1.135000E+04   1.61134620E-32
  1.148000E+04   1.53154080E-32
  1.161000E+04   1.45590931E-32
  1.175000E+04   1.38000839E-32
  1.188000E+04   1.31377474E-32
  1.202000E+04   1.24586172E-32
  1.216000E+04   1.18292155E-32
  1.230000E+04   1.12378045E-32
  1.244000E+04   1.06817275E-32
  1.259000E+04   1.01264530E-32
  1.274000E+04   9.60191871E-33
  1.288000E+04   9.13600544E-33
  1.303000E+04   8.67553229E-33
  1.318000E+04   8.24324834E-33
  1.334000E+04   7.80768058E-33
  1.349000E+04   7.42638763E-33
  1.365000E+04   7.04456577E-33
  1.380000E+04   6.70816969E-33
  1.396000E+04   6.36611584E-33
  1.412000E+04   6.04888713E-33
  1.429000E+04   5.73250268E-33
  1.445000E+04   5.45483913E-33
  1.462000E+04   5.17563607E-33
  1.479000E+04   4.91328420E-33
  1.496000E+04   4.66594086E-33
  1.514000E+04   4.42282941E-33
  1.531000E+04   4.20567985E-33
  1.549000E+04   3.99131095E-33
  1.567000E+04   3.79005231E-33
  1.585000E+04   3.60097464E-33
  1.603000E+04   3.42313533E-33
  1.622000E+04   3.24466583E-33
  1.641000E+04   3.07928264E-33
  1.660000E+04   2.92417282E-33
  1.679000E+04   2.77940571E-33
  1.698000E+04   2.64212848E-33
  1.718000E+04   2.50642923E-33
  1.738000E+04   2.37996386E-33
  1.758000E+04   2.25990714E-33
  1.778000E+04   2.14741588E-33
  1.799000E+04   2.03739291E-33
  1.820000E+04   1.93414774E-33
  1.841000E+04   1.83719207E-33
  1.862000E+04   1.74607705E-33
  1.884000E+04   1.65523489E-33
  1.906000E+04   1.57108653E-33
  1.928000E+04   1.49216918E-33
  1.950000E+04   1.41787884E-33
  1.972000E+04   1.34804620E-33
  1.995000E+04   1.28002055E-33
  2.018000E+04   1.21475929E-33
  2.042000E+04   1.15222617E-33
  2.065000E+04   1.09539411E-33
  2.089000E+04   1.04016089E-33
  2.114000E+04   9.86216908E-34
  2.138000E+04   9.37547046E-34
  2.163000E+04   8.89313910E-34
  2.188000E+04   8.44198232E-34
  2.213000E+04   8.02202757E-34
  2.239000E+04   7.61565708E-34
  2.265000E+04   7.23061463E-34
  2.291000E+04   6.86398920E-34
  2.317000E+04   6.52378445E-34
  2.344000E+04   6.19531434E-34
  2.371000E+04   5.88340748E-34
  2.399000E+04   5.57982247E-34
  2.427000E+04   5.29435465E-34
  2.455000E+04   5.02965707E-34
  2.483000E+04   4.77809839E-34
  2.512000E+04   4.53602688E-34
  2.541000E+04   4.30857946E-34
  2.570000E+04   4.09217339E-34
  2.600000E+04   3.88454903E-34
  2.630000E+04   3.68952708E-34
  2.661000E+04   3.49797767E-34
  2.692000E+04   3.32047753E-34
  2.723000E+04   3.15374882E-34
  2.754000E+04   2.99686740E-34
  2.786000E+04   2.84483301E-34
  2.818000E+04   2.70361532E-34
  2.851000E+04   2.56362618E-34
  2.884000E+04   2.43530206E-34
  2.917000E+04   2.31315901E-34
  2.951000E+04   2.19500077E-34
  2.985000E+04   2.08664687E-34
  3.020000E+04   1.96042088E-34
  3.055000E+04   1.74773567E-34
  3.090000E+04   1.46295198E-34
  3.126000E+04   1.17946542E-34
  3.162000E+04   9.45312187E-35
  3.199000E+04   7.62367736E-35
  3.236000E+04   6.25833378E-35
  3.273000E+04   5.22834808E-35
  3.311000E+04   4.42519429E-35
  3.350000E+04   3.78864632E-35
  3.388000E+04   3.29647090E-35
  3.428000E+04   2.88211312E-35
  3.467000E+04   2.55092849E-35
  3.508000E+04   2.26527087E-35
  3.548000E+04   2.03045126E-35
  3.589000E+04   1.82827805E-35
  3.631000E+04   1.64989234E-35
  3.673000E+04   1.49659725E-35
  3.715000E+04   1.36464304E-35
  3.758000E+04   1.24531364E-35
  3.802000E+04   1.13827144E-35
  3.846000E+04   1.04489303E-35
  3.890000E+04   9.61434934E-36
  3.936000E+04   8.83887529E-36
  3.981000E+04   8.15806397E-36
