# DH21 PAH SED for Mathis ISRF, U = 1.585
# DL07 PAH cross sections, neutral + cation mixed by f_ion(a)
# columns: lambda[um]    lambda*I_lambda / N_H [erg s^-1 cm^-2 sr^-1 H^-1]
  9.120000E-02   6.35096207E-59
  9.226000E-02   1.66869624E-58
  9.332000E-02   4.38877230E-58
  9.441000E-02   1.13543700E-57
  9.550000E-02   2.87548437E-57
  9.661000E-02   7.29591219E-57
  9.772000E-02   1.80187631E-56
  9.886000E-02   4.47304525E-56
  1.000000E-01   1.08590821E-55
  1.012000E-01   2.66869350E-55
  1.023000E-01   5.99758742E-55
  1.035000E-01   1.42013276E-54
  1.047000E-01   3.29336718E-54
  1.059000E-01   7.48339993E-54
  1.072000E-01   1.78102677E-53
  1.084000E-01   3.88791204E-53
  1.097000E-01   8.87104134E-53
  1.109000E-01   1.86471465E-52
  1.122000E-01   4.09005706E-52
  1.135000E-01   8.79987665E-52
  1.148000E-01   1.85874278E-51
  1.161000E-01   3.85725171E-51
  1.175000E-01   8.30746843E-51
  1.189000E-01   1.75560232E-50
  1.202000E-01   3.46000358E-50
  1.216000E-01   7.06379686E-50
  1.230000E-01   1.41794009E-49
  1.244000E-01   2.80041572E-49
  1.259000E-01   5.70663654E-49
  1.274000E-01   1.14309624E-48
  1.288000E-01   2.15387640E-48
  1.303000E-01   4.12752069E-48
  1.318000E-01   7.93549020E-48
  1.333000E-01   1.50492499E-47
  1.349000E-01   2.93560534E-47
  1.365000E-01   5.64493266E-47
  1.380000E-01   1.02907584E-46
  1.396000E-01   1.92782050E-46
  1.412000E-01   3.56597455E-46
  1.429000E-01   6.76384851E-46
  1.445000E-01   1.22073964E-45
  1.462000E-01   2.25808443E-45
  1.479000E-01   4.12642144E-45
  1.496000E-01   7.45305391E-45
  1.514000E-01   1.37684376E-44
  1.531000E-01   2.43112087E-44
  1.549000E-01   4.38880697E-44
  1.567000E-01   7.83495900E-44
  1.585000E-01   1.38377513E-43
  1.603000E-01   2.41886570E-43
  1.622000E-01   4.31478286E-43
  1.641000E-01   7.61547280E-43
  1.660000E-01   1.33047977E-42
  1.679000E-01   2.30182220E-42
  1.698000E-01   3.94509796E-42
  1.718000E-01   6.88484810E-42
  1.738000E-01   1.18921020E-41
  1.758000E-01   2.03424966E-41
  1.778000E-01   3.44801551E-41
  1.799000E-01   5.94522428E-41
  1.820000E-01   1.01597668E-40
  1.841000E-01   1.72167223E-40
  1.862000E-01   2.89444256E-40
  1.884000E-01   4.94773111E-40
  1.905000E-01   8.19264332E-40
  1.928000E-01   1.41172863E-39
  1.950000E-01   2.35671743E-39
  1.972000E-01   3.90227698E-39
  1.995000E-01   6.54965725E-39
  2.018000E-01   1.08771490E-38
  2.042000E-01   1.82300297E-38
  2.065000E-01   2.94791752E-38
  2.089000E-01   4.78456989E-38
  2.113000E-01   7.61161505E-38
  2.138000E-01   1.20573791E-37
  2.163000E-01   1.86146139E-37
  2.188000E-01   2.79945719E-37
  2.213000E-01   4.10467247E-37
  2.239000E-01   5.96233185E-37
  2.265000E-01   8.47247451E-37
  2.291000E-01   1.18205553E-36
  2.317000E-01   1.62487870E-36
  2.344000E-01   2.23326557E-36
  2.371000E-01   3.03939966E-36
  2.399000E-01   4.15025410E-36
  2.427000E-01   5.63018125E-36
  2.455000E-01   7.59698858E-36
  2.483000E-01   1.02039909E-35
  2.512000E-01   1.37909157E-35
  2.541000E-01   1.85624164E-35
  2.570000E-01   2.48861381E-35
  2.600000E-01   3.35656496E-35
  2.630000E-01   4.50838595E-35
  2.661000E-01   6.08847577E-35
  2.691000E-01   8.10804687E-35
  2.723000E-01   1.09541146E-34
  2.754000E-01   1.45922420E-34
  2.786000E-01   1.95246014E-34
  2.818000E-01   2.59953414E-34
  2.851000E-01   3.47417800E-34
  2.884000E-01   4.61886512E-34
  2.917000E-01   6.10892327E-34
  2.951000E-01   8.10463489E-34
  2.985000E-01   1.06944504E-33
  3.020000E-01   1.41484620E-33
  3.055000E-01   1.79547077E-33
  3.090000E-01   2.32042858E-33
  3.126000E-01   3.00058386E-33
  3.162000E-01   3.85441711E-33
  3.199000E-01   4.95250177E-33
  3.236000E-01   6.32166631E-33
  3.273000E-01   8.01801492E-33
  3.311000E-01   1.01692382E-32
  3.350000E-01   1.28929231E-32
  3.388000E-01   1.61451729E-32
  3.428000E-01   2.03250501E-32
  3.467000E-01   2.52792783E-32
  3.507000E-01   3.14151452E-32
  3.548000E-01   3.89909367E-32
  3.589000E-01   4.80659850E-32
  3.631000E-01   5.91322305E-32
  3.673000E-01   7.22048410E-32
  3.715000E-01   8.74751204E-32
  3.758000E-01   1.05522408E-31
  3.802000E-01   1.26537789E-31
  3.846000E-01   1.49945757E-31
  3.891000E-01   1.75889134E-31
  3.936000E-01   2.03181723E-31
  3.981000E-01   2.31372154E-31
  4.027000E-01   2.61584925E-31
  4.074000E-01   2.95618099E-31
  4.121000E-01   3.35131877E-31
  4.169000E-01   3.83276607E-31
  4.217000E-01   4.41238037E-31
  4.266000E-01   5.12455920E-31
  4.315000E-01   5.97530833E-31
  4.365000E-01   6.99583234E-31
  4.416000E-01   8.19370367E-31
  4.467000E-01   9.53258551E-31
  4.519000E-01   1.10041283E-30
  4.571000E-01   1.25182274E-30
  4.624000E-01   1.40131550E-30
  4.677000E-01   1.53536379E-30
  4.732000E-01   1.65017563E-30
  4.786000E-01   1.73876627E-30
  4.842000E-01   1.81442326E-30
  4.898000E-01   1.88498348E-30
  4.954000E-01   1.95905929E-30
  5.012000E-01   2.04630264E-30
  5.070000E-01   2.15074610E-30
  5.129000E-01   2.28057872E-30
  5.188000E-01   2.43705939E-30
  5.248000E-01   2.62277138E-30
  5.309000E-01   2.83494971E-30
  5.370000E-01   3.06357146E-30
  5.433000E-01   3.30675601E-30
  5.495000E-01   3.54174917E-30
  5.559000E-01   3.77111928E-30
  5.623000E-01   3.98793306E-30
  5.688000E-01   4.20766227E-30
  5.754000E-01   4.44816013E-30
  5.821000E-01   4.72622417E-30
  5.888000E-01   5.05158621E-30
  5.957000E-01   5.44722066E-30
  6.026000E-01   5.91090115E-30
  6.095000E-01   6.44258907E-30
  6.166000E-01   7.05385506E-30
  6.237000E-01   7.71949729E-30
  6.310000E-01   8.44273738E-30
  6.383000E-01   9.18770252E-30
  6.457000E-01   9.94451051E-30
  6.531000E-01   1.06873006E-29
  6.607000E-01   1.14267291E-29
  6.683000E-01   1.21510955E-29
  6.761000E-01   1.29086110E-29
  6.839000E-01   1.37204411E-29
  6.918000E-01   1.46333029E-29
  6.998000E-01   1.56822306E-29
  7.079000E-01   1.68978727E-29
  7.161000E-01   1.83021674E-29
  7.244000E-01   1.99088402E-29
  7.328000E-01   2.17158003E-29
  7.413000E-01   2.37226245E-29
  7.499000E-01   2.59266946E-29
  7.586000E-01   2.83352758E-29
  7.674000E-01   3.09612707E-29
  7.763000E-01   3.38379258E-29
  7.852000E-01   3.69623898E-29
  7.943000E-01   4.04295788E-29
  8.035000E-01   4.42503120E-29
  8.128000E-01   4.84511040E-29
  8.222000E-01   5.30659174E-29
  8.318000E-01   5.81867544E-29
  8.414000E-01   6.37523830E-29
  8.511000E-01   6.98577935E-29
  8.610000E-01   7.66295541E-29
  8.710000E-01   8.40780863E-29
  8.810000E-01   9.22126420E-29
  8.913000E-01   1.01397006E-28
  9.016000E-01   1.11520010E-28
  9.120000E-01   1.22878505E-28
  9.226000E-01   1.35903852E-28
  9.333000E-01   1.50919925E-28
  9.441000E-01   1.68588326E-28
  9.550000E-01   1.89942332E-28
  9.661000E-01   2.16952596E-28
  9.772000E-01   2.52049212E-28
  9.886000E-01   3.01656999E-28
  1.000000E+00   3.74575273E-28
  1.012000E+00   4.96017172E-28
  1.023000E+00   6.75670194E-28
  1.035000E+00   9.67610366E-28
  1.047000E+00   1.25318830E-27
  1.059000E+00   1.27962517E-27
  1.071000E+00   1.09384877E-27
  1.084000E+00   8.98610453E-28
  1.097000E+00   7.79165370E-28
  1.109000E+00   7.21441204E-28
  1.122000E+00   6.96069522E-28
  1.135000E+00   6.97073047E-28
  1.148000E+00   7.18047136E-28
  1.161000E+00   7.56592004E-28
  1.175000E+00   8.18039221E-28
  1.189000E+00   9.02459572E-28
  1.202000E+00   1.00429609E-27
  1.216000E+00   1.13994086E-27
  1.230000E+00   1.29607232E-27
  1.245000E+00   1.46275461E-27
  1.259000E+00   1.58320741E-27
  1.273000E+00   1.64404351E-27
  1.288000E+00   1.64429625E-27
  1.303000E+00   1.60449144E-27
  1.318000E+00   1.55317139E-27
  1.334000E+00   1.50505155E-27
  1.349000E+00   1.47293267E-27
  1.365000E+00   1.45275208E-27
  1.380000E+00   1.44602026E-27
  1.396000E+00   1.44918168E-27
  1.413000E+00   1.46213119E-27
  1.429000E+00   1.48148690E-27
  1.445000E+00   1.50640190E-27
  1.462000E+00   1.53752989E-27
  1.479000E+00   1.57283216E-27
  1.496000E+00   1.61114402E-27
  1.514000E+00   1.65475795E-27
  1.531000E+00   1.69808149E-27
  1.549000E+00   1.74558783E-27
  1.567000E+00   1.79524508E-27
  1.585000E+00   1.84588430E-27
  1.603000E+00   1.89780217E-27
  1.622000E+00   1.95372888E-27
  1.641000E+00   2.00994617E-27
  1.660000E+00   2.06682593E-27
  1.679000E+00   2.12363849E-27
  1.698000E+00   2.17966461E-27
  1.718000E+00   2.23886394E-27
  1.738000E+00   2.29594606E-27
  1.758000E+00   2.35130114E-27
  1.778000E+00   2.40367367E-27
  1.799000E+00   2.45225053E-27
  1.820000E+00   2.49501139E-27
  1.841000E+00   2.52750868E-27
  1.862000E+00   2.55272224E-27
  1.884000E+00   2.58040422E-27
  1.906000E+00   2.62605440E-27
  1.928000E+00   2.70258791E-27
  1.950000E+00   2.80265317E-27
  1.972000E+00   2.90839585E-27
  1.995000E+00   3.01597954E-27
  2.018000E+00   3.11675401E-27
  2.042000E+00   3.21547031E-27
  2.065000E+00   3.30248820E-27
  2.089000E+00   3.38968863E-27
  2.114000E+00   3.47732427E-27
  2.138000E+00   3.55751082E-27
  2.163000E+00   3.63925473E-27
  2.188000E+00   3.72034532E-27
  2.213000E+00   3.79688720E-27
  2.239000E+00   3.87590404E-27
  2.265000E+00   3.95340023E-27
  2.291000E+00   4.03057043E-27
  2.317000E+00   4.10478624E-27
  2.344000E+00   4.17895538E-27
  2.371000E+00   4.25618929E-27
  2.399000E+00   4.33014922E-27
  2.427000E+00   4.40598642E-27
  2.455000E+00   4.47876898E-27
  2.483000E+00   4.55214738E-27
  2.512000E+00   4.62508123E-27
  2.541000E+00   4.69866238E-27
  2.570000E+00   4.76952275E-27
  2.600000E+00   4.84199323E-27
  2.630000E+00   4.91150299E-27
  2.661000E+00   4.98701848E-27
  2.691000E+00   5.05758135E-27
  2.723000E+00   5.13218346E-27
  2.754000E+00   5.20483118E-27
  2.786000E+00   5.28099381E-27
  2.818000E+00   5.35819552E-27
  2.851000E+00   5.44108757E-27
  2.884000E+00   5.52749754E-27
  2.917000E+00   5.62083733E-27
  2.951000E+00   5.72745377E-27
  2.985000E+00   5.85091990E-27
  3.020000E+00   6.00597062E-27
  3.055000E+00   6.20745468E-27
  3.090000E+00   6.49166250E-27
  3.126000E+00   6.94880731E-27
  3.162000E+00   7.76966272E-27
  3.199000E+00   9.61387455E-27
  3.236000E+00   1.51479887E-26
  3.273000E+00   4.44912957E-26
  3.311000E+00   9.31057440E-26
  3.350000E+00   2.21171511E-26
  3.388000E+00   1.20182536E-26
  3.428000E+00   9.11885076E-27
  3.467000E+00   8.00903692E-27
  3.507000E+00   7.45902700E-27
  3.548000E+00   7.15710544E-27
  3.589000E+00   6.98493373E-27
  3.631000E+00   6.88145565E-27
  3.673000E+00   6.82092161E-27
  3.715000E+00   6.78771954E-27
  3.758000E+00   6.77151608E-27
  3.802000E+00   6.76878604E-27
  3.846000E+00   6.77472334E-27
  3.891000E+00   6.78734025E-27
  3.935000E+00   6.80651434E-27
  3.981000E+00   6.82970801E-27
  4.027000E+00   6.85736569E-27
  4.074000E+00   6.88876071E-27
  4.121000E+00   6.92446520E-27
  4.169000E+00   6.96259590E-27
  4.217000E+00   7.00588231E-27
  4.266000E+00   7.05208895E-27
  4.315000E+00   7.10349788E-27
  4.365000E+00   7.16049470E-27
  4.416000E+00   7.22214735E-27
  4.467000E+00   7.29134330E-27
  4.519000E+00   7.36858812E-27
  4.571000E+00   7.45425741E-27
  4.624000E+00   7.55142882E-27
  4.677000E+00   7.66141998E-27
  4.732000E+00   7.79300881E-27
  4.786000E+00   7.94248757E-27
  4.842000E+00   8.12911803E-27
  4.898000E+00   8.35840563E-27
  4.955000E+00   8.66098222E-27
  5.012000E+00   9.07799546E-27
  5.070000E+00   9.72486881E-27
  5.129000E+00   1.08664938E-26
  5.188000E+00   1.30931731E-26
  5.248000E+00   1.65440682E-26
  5.309000E+00   1.64351978E-26
  5.370000E+00   1.42263034E-26
  5.432000E+00   1.36120075E-26
  5.495000E+00   1.43846944E-26
  5.559000E+00   1.67034575E-26
  5.623000E+00   2.16028685E-26
  5.688000E+00   2.79973196E-26
  5.754000E+00   2.67424291E-26
  5.821000E+00   2.38460890E-26
  5.888000E+00   2.47785492E-26
  5.957000E+00   2.98068266E-26
  6.026000E+00   4.13554139E-26
  6.095000E+00   6.80202339E-26
  6.166000E+00   1.30469111E-25
  6.237000E+00   1.68530642E-25
  6.310000E+00   1.02129890E-25
  6.383000E+00   6.31507559E-26
  6.457000E+00   4.92902810E-26
  6.531000E+00   4.63041060E-26
  6.607000E+00   4.81266831E-26
  6.683000E+00   5.05355073E-26
  6.761000E+00   5.06852351E-26
  6.839000E+00   4.97081414E-26
  6.918000E+00   5.01741450E-26
  6.998000E+00   5.32813670E-26
  7.080000E+00   5.94468010E-26
  7.161000E+00   6.86451261E-26
  7.244000E+00   8.17494973E-26
  7.328000E+00   1.00254415E-25
  7.413000E+00   1.28336295E-25
  7.499000E+00   1.72170686E-25
  7.586000E+00   2.16887169E-25
  7.674000E+00   2.21091969E-25
  7.762000E+00   2.15522087E-25
  7.852000E+00   2.09093105E-25
  7.943000E+00   1.73659214E-25
  8.035000E+00   1.30662520E-25
  8.128000E+00   1.01667395E-25
  8.222000E+00   8.68834617E-26
  8.318000E+00   8.14774316E-26
  8.414000E+00   8.26431746E-26
  8.511000E+00   9.45888238E-26
  8.610000E+00   1.05490006E-25
  8.710000E+00   8.43226877E-26
  8.811000E+00   5.96814731E-26
  8.913000E+00   4.55312239E-26
  9.016000E+00   3.76736002E-26
  9.120000E+00   3.29605752E-26
  9.226000E+00   2.99008806E-26
  9.333000E+00   2.78426649E-26
  9.441000E+00   2.64257617E-26
  9.550000E+00   2.54565883E-26
  9.660000E+00   2.48188009E-26
  9.772000E+00   2.44530924E-26
  9.885000E+00   2.43278215E-26
  1.000000E+01   2.44339151E-26
  1.012000E+01   2.48017602E-26
  1.023000E+01   2.54006714E-26
  1.035000E+01   2.64199467E-26
  1.047000E+01   2.79982659E-26
  1.059000E+01   3.05917112E-26
  1.072000E+01   3.47734410E-26
  1.084000E+01   4.05033942E-26
  1.097000E+01   5.40837447E-26
  1.109000E+01   8.69901650E-26
  1.122000E+01   2.17445301E-25
  1.135000E+01   1.70486041E-25
  1.148000E+01   1.11451749E-25
  1.161000E+01   7.90719647E-26
  1.175000E+01   7.26361589E-26
  1.189000E+01   8.07531140E-26
  1.202000E+01   8.53715290E-26
  1.216000E+01   7.87444482E-26
  1.230000E+01   7.76000376E-26
  1.244000E+01   9.07185561E-26
  1.259000E+01   1.11512653E-25
  1.273000E+01   1.04807478E-25
  1.288000E+01   7.52307313E-26
  1.303000E+01   6.05287305E-26
  1.318000E+01   5.56925051E-26
  1.334000E+01   5.78188268E-26
  1.349000E+01   5.98096304E-26
  1.365000E+01   5.31728819E-26
  1.380000E+01   4.70488746E-26
  1.396000E+01   4.45783542E-26
  1.412000E+01   4.62273246E-26
  1.429000E+01   4.44233202E-26
  1.445000E+01   4.06654097E-26
  1.462000E+01   3.91358053E-26
  1.479000E+01   3.85967769E-26
  1.496000E+01   3.84605554E-26
  1.514000E+01   3.85529556E-26
  1.531000E+01   3.88141665E-26
  1.549000E+01   3.92925329E-26
  1.567000E+01   4.01227791E-26
  1.585000E+01   4.17242242E-26
  1.603000E+01   4.31179091E-26
  1.622000E+01   4.69102768E-26
  1.641000E+01   6.32078278E-26
  1.660000E+01   5.66133646E-26
  1.679000E+01   5.58823783E-26
  1.698000E+01   5.83511953E-26
  1.718000E+01   5.80520273E-26
  1.738000E+01   5.82139725E-26
  1.758000E+01   4.94331004E-26
  1.778000E+01   4.67371060E-26
  1.799000E+01   4.38381292E-26
  1.820000E+01   4.09738188E-26
  1.841000E+01   3.95914494E-26
  1.862000E+01   3.86940134E-26
  1.884000E+01   3.79735231E-26
  1.906000E+01   3.73114984E-26
  1.927000E+01   3.66911715E-26
  1.950000E+01   3.60422129E-26
  1.972000E+01   3.54711494E-26
  1.995000E+01   3.49387863E-26
  2.018000E+01   3.44723075E-26
  2.042000E+01   3.40371521E-26
  2.065000E+01   3.36646103E-26
  2.089000E+01   3.33149774E-26
  2.114000E+01   3.29805522E-26
  2.138000E+01   3.26908586E-26
  2.163000E+01   3.24111957E-26
  2.188000E+01   3.21520818E-26
  2.213000E+01   3.19183959E-26
  2.239000E+01   3.16943849E-26
  2.265000E+01   3.14843511E-26
  2.291000E+01   3.12948581E-26
  2.317000E+01   3.11215791E-26
  2.344000E+01   3.09563928E-26
  2.371000E+01   3.08046633E-26
  2.399000E+01   3.06669103E-26
  2.427000E+01   3.05361007E-26
  2.455000E+01   3.04248331E-26
  2.483000E+01   3.03286840E-26
  2.512000E+01   3.02358307E-26
  2.541000E+01   3.01547329E-26
  2.570000E+01   3.00876509E-26
  2.600000E+01   3.00284783E-26
  2.630000E+01   2.99811658E-26
  2.661000E+01   2.99411654E-26
  2.692000E+01   2.99089169E-26
  2.723000E+01   2.98879779E-26
  2.754000E+01   2.98757591E-26
  2.786000E+01   2.98705201E-26
  2.818000E+01   2.98721494E-26
  2.851000E+01   2.98837356E-26
  2.884000E+01   2.98981467E-26
  2.917000E+01   2.99246337E-26
  2.951000E+01   2.99538988E-26
  2.985000E+01   2.99865607E-26
  3.020000E+01   3.00296104E-26
  3.055000E+01   3.00747544E-26
  3.090000E+01   3.01274693E-26
  3.126000E+01   3.01852729E-26
  3.162000E+01   3.02446019E-26
  3.199000E+01   3.03098266E-26
  3.236000E+01   3.03744851E-26
  3.273000E+01   3.04515860E-26
  3.311000E+01   3.05259879E-26
  3.350000E+01   3.06046483E-26
  3.388000E+01   3.06831872E-26
  3.428000E+01   3.07708177E-26
  3.467000E+01   3.08570746E-26
  3.508000E+01   3.09461395E-26
  3.548000E+01   3.10319671E-26
  3.589000E+01   3.11272623E-26
  3.631000E+01   3.12198415E-26
  3.673000E+01   3.13113335E-26
  3.715000E+01   3.14020522E-26
  3.758000E+01   3.15016465E-26
  3.802000E+01   3.15993561E-26
  3.846000E+01   3.16940437E-26
  3.890000E+01   3.17893036E-26
  3.935000E+01   3.18863575E-26
  3.981000E+01   3.19826005E-26
  4.027000E+01   3.20779663E-26
  4.074000E+01   3.21730776E-26
  4.121000E+01   3.22682642E-26
  4.169000E+01   3.23630544E-26
  4.217000E+01   3.24534235E-26
  4.266000E+01   3.25471506E-26
  4.315000E+01   3.26313174E-26
  4.365000E+01   3.27174355E-26
  4.416000E+01   3.28068217E-26
  4.467000E+01   3.28906979E-26
  4.519000E+01   3.29680032E-26
  4.571000E+01   3.30521545E-26
  4.624000E+01   3.31232539E-26
  4.677000E+01   3.32008073E-26
  4.731000E+01   3.32701218E-26
  4.786000E+01   3.33385338E-26
  4.842000E+01   3.34003081E-26
  4.898000E+01   3.34643052E-26
  4.954000E+01   3.35186818E-26
  5.012000E+01   3.35738011E-26
  5.070000E+01   3.36229107E-26
  5.129000E+01   3.36715049E-26
  5.188000E+01   3.37125898E-26
  5.248000E+01   3.37490364E-26
  5.309000E+01   3.37754763E-26
  5.370000E+01   3.38081747E-26
  5.433000E+01   3.38250513E-26
  5.495000E+01   3.38453194E-26
  5.559000E+01   3.38594677E-26
  5.623000E+01   3.38622588E-26
  5.688000E+01   3.38677293E-26
  5.754000E+01   3.38552628E-26
  5.821000E+01   3.38448893E-26
  5.888000E+01   3.38278810E-26
  5.957000E+01   3.38038224E-26
  6.026000E+01   3.37723463E-26
  6.095000E+01   3.37348658E-26
  6.166000E+01   3.36912259E-26
  6.237000E+01   3.36404717E-26
  6.310000E+01   3.35801428E-26
  6.383000E+01   3.35076911E-26
  6.457000E+01   3.34331267E-26
  6.531000E+01   3.33557153E-26
  6.607000E+01   3.32699916E-26
  6.683000E+01   3.31746988E-26
  6.761000E+01   3.30666141E-26
  6.839000E+01   3.29505217E-26
  6.918000E+01   3.28272407E-26
  6.998000E+01   3.27027032E-26
  7.079000E+01   3.25612648E-26
  7.161000E+01   3.24196092E-26
  7.244000E+01   3.22632162E-26
  7.328000E+01   3.21036824E-26
  7.413000E+01   3.19301038E-26
  7.499000E+01   3.17518744E-26
  7.586000E+01   3.15656714E-26
  7.674000E+01   3.13716998E-26
  7.762000E+01   3.11709689E-26
  7.852000E+01   3.09530306E-26
  7.943000E+01   3.07286550E-26
  8.035000E+01   3.05024726E-26
  8.128000E+01   3.02646263E-26
  8.222000E+01   3.00188357E-26
  8.318000E+01   2.97669520E-26
  8.414000E+01   2.95091767E-26
  8.511000E+01   2.92419525E-26
  8.610000E+01   2.89645779E-26
  8.710000E+01   2.86823959E-26
  8.811000E+01   2.83908869E-26
  8.912000E+01   2.80958410E-26
  9.016000E+01   2.77909803E-26
  9.120000E+01   2.74866912E-26
  9.226000E+01   2.71676406E-26
  9.332000E+01   2.68505661E-26
  9.441000E+01   2.65215313E-26
  9.550000E+01   2.61878841E-26
  9.661000E+01   2.58480757E-26
  9.772000E+01   2.55100306E-26
  9.886000E+01   2.51575805E-26
  1.000000E+02   2.48115370E-26
  1.012000E+02   2.44439735E-26
  1.023000E+02   2.41046066E-26
  1.035000E+02   2.37374549E-26
  1.047000E+02   2.33681588E-26
  1.059000E+02   2.30030737E-26
  1.072000E+02   2.26125493E-26
  1.084000E+02   2.22514967E-26
  1.097000E+02   2.18646124E-26
  1.109000E+02   2.15077176E-26
  1.122000E+02   2.11232089E-26
  1.135000E+02   2.07429929E-26
  1.148000E+02   2.03694751E-26
  1.161000E+02   1.99954960E-26
  1.175000E+02   1.96015049E-26
  1.188000E+02   1.92381020E-26
  1.202000E+02   1.88508312E-26
  1.216000E+02   1.84685341E-26
  1.230000E+02   1.80934960E-26
  1.244000E+02   1.77236444E-26
  1.259000E+02   1.73327688E-26
  1.273000E+02   1.69747650E-26
  1.288000E+02   1.65957302E-26
  1.303000E+02   1.62239826E-26
  1.318000E+02   1.58586091E-26
  1.334000E+02   1.54800389E-26
  1.349000E+02   1.51289928E-26
  1.365000E+02   1.47621047E-26
  1.380000E+02   1.44262939E-26
  1.396000E+02   1.40753181E-26
  1.412000E+02   1.37284961E-26
  1.429000E+02   1.33751824E-26
  1.445000E+02   1.30455801E-26
  1.462000E+02   1.27088650E-26
  1.479000E+02   1.23780373E-26
  1.496000E+02   1.20567033E-26
  1.514000E+02   1.17212878E-26
  1.531000E+02   1.14174992E-26
  1.549000E+02   1.11001878E-26
  1.567000E+02   1.07922798E-26
  1.585000E+02   1.04919812E-26
  1.603000E+02   1.02081950E-26
  1.622000E+02   9.90828472E-27
  1.641000E+02   9.61897317E-27
  1.660000E+02   9.33677592E-27
  1.679000E+02   9.06309440E-27
  1.698000E+02   8.80607161E-27
  1.718000E+02   8.53725766E-27
  1.738000E+02   8.27451873E-27
  1.758000E+02   8.02135364E-27
  1.778000E+02   7.77592036E-27
  1.799000E+02   7.52646558E-27
  1.820000E+02   7.29320112E-27
  1.841000E+02   7.06038717E-27
  1.862000E+02   6.83651321E-27
  1.884000E+02   6.60956027E-27
  1.906000E+02   6.39061433E-27
  1.928000E+02   6.18621665E-27
  1.950000E+02   5.98175815E-27
  1.972000E+02   5.78600166E-27
  1.995000E+02   5.58817629E-27
  2.018000E+02   5.39805317E-27
  2.042000E+02   5.21181932E-27
  2.065000E+02   5.03613632E-27
  2.089000E+02   4.85940459E-27
  2.114000E+02   4.68287596E-27
  2.138000E+02   4.51966118E-27
  2.163000E+02   4.35647805E-27
  2.188000E+02   4.20412453E-27
  2.213000E+02   4.05378377E-27
  2.239000E+02   3.90404389E-27
  2.265000E+02   3.75994161E-27
  2.291000E+02   3.62211303E-27
  2.317000E+02   3.48992497E-27
  2.344000E+02   3.36176668E-27
  2.371000E+02   3.23553588E-27
  2.399000E+02   3.11058741E-27
  2.427000E+02   2.99122424E-27
  2.455000E+02   2.87951715E-27
  2.483000E+02   2.76991805E-27
  2.512000E+02   2.66154123E-27
  2.541000E+02   2.55788045E-27
  2.570000E+02   2.45902006E-27
  2.600000E+02   2.36164582E-27
  2.630000E+02   2.26813613E-27
  2.661000E+02   2.17783686E-27
  2.691000E+02   2.09262378E-27
  2.723000E+02   2.00644968E-27
  2.754000E+02   1.92633707E-27
  2.786000E+02   1.84903994E-27
  2.818000E+02   1.77428014E-27
  2.851000E+02   1.70076416E-27
  2.884000E+02   1.63061697E-27
  2.917000E+02   1.56398779E-27
  2.951000E+02   1.49877700E-27
  2.985000E+02   1.43668424E-27
  3.020000E+02   1.37583609E-27
  3.055000E+02   1.31763162E-27
  3.090000E+02   1.26271736E-27
  3.126000E+02   1.20905692E-27
  3.162000E+02   1.15782605E-27
  3.199000E+02   1.10762017E-27
  3.236000E+02   1.06007343E-27
  3.273000E+02   1.01487230E-27
  3.311000E+02   9.70997648E-28
  3.350000E+02   9.28183455E-28
  3.388000E+02   8.88456110E-28
  3.428000E+02   8.48791872E-28
  3.467000E+02   8.12131810E-28
  3.508000E+02   7.75596280E-28
  3.548000E+02   7.41762136E-28
  3.589000E+02   7.09032116E-28
  3.631000E+02   6.77073916E-28
  3.673000E+02   6.46914999E-28
  3.715000E+02   6.18310204E-28
  3.758000E+02   5.90444524E-28
  3.802000E+02   5.63532773E-28
  3.846000E+02   5.38046669E-28
  3.890000E+02   5.13920143E-28
  3.935000E+02   4.90530498E-28
  3.981000E+02   4.67938501E-28
  4.027000E+02   4.46569878E-28
  4.074000E+02   4.25884281E-28
  4.121000E+02   4.06349163E-28
  4.169000E+02   3.87493446E-28
  4.217000E+02   3.69655382E-28
  4.266000E+02   3.52417494E-28
  4.315000E+02   3.36134347E-28
  4.365000E+02   3.20436462E-28
  4.416000E+02   3.05317042E-28
  4.467000E+02   2.91011672E-28
  4.519000E+02   2.77280627E-28
  4.571000E+02   2.64277211E-28
  4.624000E+02   2.51782746E-28
  4.677000E+02   2.39981090E-28
  4.731000E+02   2.28605877E-28
  4.786000E+02   2.17699480E-28
  4.842000E+02   2.07213307E-28
  4.898000E+02   1.97315400E-28
  4.955000E+02   1.87813535E-28
  5.012000E+02   1.78863219E-28
  5.070000E+02   1.70261157E-28
  5.129000E+02   1.62020668E-28
  5.188000E+02   1.54245626E-28
  5.248000E+02   1.46789852E-28
  5.309000E+02   1.39642552E-28
  5.370000E+02   1.32904090E-28
  5.432000E+02   1.26455208E-28
  5.495000E+02   1.20276620E-28
  5.559000E+02   1.14368131E-28
  5.623000E+02   1.08796470E-28
  5.688000E+02   1.03471501E-28
  5.754000E+02   9.83868218E-29
  5.821000E+02   9.35093014E-29
  5.888000E+02   8.89304953E-29
  5.957000E+02   8.44847794E-29
  6.026000E+02   8.03066717E-29
  6.095000E+02   7.63688894E-29
  6.166000E+02   7.25467027E-29
  6.237000E+02   6.89638855E-29
  6.310000E+02   6.54953788E-29
  6.383000E+02   6.22333706E-29
  6.457000E+02   5.91206066E-29
  6.531000E+02   5.61938339E-29
  6.607000E+02   5.33620587E-29
  6.683000E+02   5.07036943E-29
  6.761000E+02   4.81325377E-29
  6.839000E+02   4.57238974E-29
  6.918000E+02   4.34280142E-29
  6.998000E+02   4.12391315E-29
  7.080000E+02   3.91304197E-29
  7.161000E+02   3.71741609E-29
  7.244000E+02   3.52864259E-29
  7.328000E+02   3.34976949E-29
  7.413000E+02   3.17967359E-29
  7.499000E+02   3.01749523E-29
  7.586000E+02   2.86360260E-29
  7.674000E+02   2.71711088E-29
  7.762000E+02   2.57956642E-29
  7.852000E+02   2.44785117E-29
  7.943000E+02   2.32227898E-29
  8.035000E+02   2.20328250E-29
  8.128000E+02   2.09033777E-29
  8.222000E+02   1.98353577E-29
  8.318000E+02   1.88070009E-29
  8.414000E+02   1.78412530E-29
  8.511000E+02   1.69265826E-29
  8.610000E+02   1.60524300E-29
  8.710000E+02   1.52182969E-29
  8.810000E+02   1.44395421E-29
  8.912000E+02   1.36894067E-29
  9.016000E+02   1.29772448E-29
  9.120000E+02   1.23086867E-29
  9.226000E+02   1.16670196E-29
  9.333000E+02   1.10588080E-29
  9.441000E+02   1.04863212E-29
  9.550000E+02   9.94102145E-30
  9.660000E+02   9.42638503E-30
  9.772000E+02   8.93679893E-30
  9.885000E+02   8.46999732E-30
  1.000000E+03   8.02444880E-30
  1.012000E+03   7.59092829E-30
  1.023000E+03   7.21770567E-30
  1.035000E+03   6.83550316E-30
  1.047000E+03   6.47606930E-30
  1.059000E+03   6.13998755E-30
  1.072000E+03   5.79904585E-30
  1.084000E+03   5.50458136E-30
  1.096000E+03   5.22842446E-30
  1.109000E+03   4.94631427E-30
  1.122000E+03   4.68291024E-30
  1.135000E+03   4.43598112E-30
  1.148000E+03   4.20501051E-30
  1.161000E+03   3.98751148E-30
  1.175000E+03   3.76866257E-30
  1.188000E+03   3.57810832E-30
  1.202000E+03   3.38591881E-30
  1.216000E+03   3.20570466E-30
  1.230000E+03   3.03696633E-30
  1.244000E+03   2.87864244E-30
  1.259000E+03   2.71961383E-30
  1.274000E+03   2.57145453E-30
  1.288000E+03   2.44144980E-30
  1.303000E+03   2.31141616E-30
  1.318000E+03   2.18923196E-30
  1.334000E+03   2.06731192E-30
  1.349000E+03   1.96044318E-30
  1.365000E+03   1.85336981E-30
  1.380000E+03   1.75958425E-30
  1.396000E+03   1.66572167E-30
  1.412000E+03   1.57756101E-30
  1.429000E+03   1.49023285E-30
  1.445000E+03   1.41313351E-30
  1.462000E+03   1.33641012E-30
  1.479000E+03   1.26469342E-30
  1.496000E+03   1.19754382E-30
  1.514000E+03   1.13102082E-30
  1.531000E+03   1.07227379E-30
  1.549000E+03   1.01390401E-30
  1.567000E+03   9.59359720E-31
  1.585000E+03   9.08259452E-31
  1.603000E+03   8.60438443E-31
  1.622000E+03   8.13211866E-31
  1.641000E+03   7.69054870E-31
  1.660000E+03   7.27699765E-31
  1.679000E+03   6.88999464E-31
  1.698000E+03   6.52726057E-31
  1.718000E+03   6.17041410E-31
  1.738000E+03   5.83630906E-31
  1.758000E+03   5.52397699E-31
  1.778000E+03   5.23126143E-31
  1.799000E+03   4.94362373E-31
  1.820000E+03   4.67470147E-31
  1.841000E+03   4.42310833E-31
  1.862000E+03   4.18798430E-31
  1.884000E+03   3.95710913E-31
  1.906000E+03   3.74166802E-31
  1.928000E+03   3.54009728E-31
  1.950000E+03   3.35072839E-31
  1.972000E+03   3.17439845E-31
  1.995000E+03   3.00137514E-31
  2.018000E+03   2.83935216E-31
  2.042000E+03   2.68154134E-31
  2.065000E+03   2.54006480E-31
  2.089000E+03   2.40190660E-31
  2.114000E+03   2.26755265E-31
  2.138000E+03   2.14682339E-31
  2.163000E+03   2.02918484E-31
  2.188000E+03   1.91926009E-31
  2.213000E+03   1.81631544E-31
  2.239000E+03   1.71609890E-31
  2.265000E+03   1.62263177E-31
  2.291000E+03   1.53543505E-31
  2.317000E+03   1.45330429E-31
  2.344000E+03   1.37375011E-31
  2.371000E+03   1.29949083E-31
  2.399000E+03   1.22726099E-31
  2.427000E+03   1.15985203E-31
  2.455000E+03   1.09699188E-31
  2.483000E+03   1.03800883E-31
  2.512000E+03   9.81048820E-32
  2.541000E+03   9.27675050E-32
  2.570000E+03   8.77675822E-32
  2.600000E+03   8.29447266E-32
  2.630000E+03   7.84409081E-32
  2.661000E+03   7.40861242E-32
  2.692000E+03   7.00179141E-32
  2.723000E+03   6.62101729E-32
  2.754000E+03   6.26551509E-32
  2.786000E+03   5.92151708E-32
  2.818000E+03   5.60061293E-32
  2.851000E+03   5.29128203E-32
  2.884000E+03   5.00132757E-32
  2.917000E+03   4.73123601E-32
  2.951000E+03   4.47068166E-32
  2.985000E+03   4.22628578E-32
  3.020000E+03   3.99192689E-32
  3.055000E+03   3.77368497E-32
  3.090000E+03   3.56937489E-32
  3.126000E+03   3.37263197E-32
  3.162000E+03   3.18833471E-32
  3.199000E+03   3.01170912E-32
  3.236000E+03   2.84703745E-32
  3.273000E+03   2.69287473E-32
  3.311000E+03   2.54469005E-32
  3.350000E+03   2.40297261E-32
  3.388000E+03   2.27316880E-32
  3.428000E+03   2.14620202E-32
  3.467000E+03   2.03053638E-32
  3.508000E+03   1.91656404E-32
  3.548000E+03   1.81287213E-32
  3.589000E+03   1.71344134E-32
  3.631000E+03   1.61834561E-32
  3.673000E+03   1.52946305E-32
  3.715000E+03   1.44650607E-32
  3.758000E+03   1.36692323E-32
  3.802000E+03   1.29076738E-32
  3.846000E+03   1.21988995E-32
  3.890000E+03   1.15353881E-32
  3.936000E+03   1.08882163E-32
  3.981000E+03   1.02961481E-32
  4.027000E+03   9.73014946E-33
  4.074000E+03   9.19018838E-33
  4.121000E+03   8.68642395E-33
  4.169000E+03   8.20430933E-33
  4.217000E+03   7.75534468E-33
  4.266000E+03   7.32650337E-33
  4.315000E+03   6.92573475E-33
  4.365000E+03   6.54388698E-33
  4.416000E+03   6.17976616E-33
  4.467000E+03   5.83971722E-33
  4.519000E+03   5.51626625E-33
  4.571000E+03   5.21387912E-33
  4.624000E+03   4.92593796E-33
  4.677000E+03   4.65681546E-33
  4.732000E+03   4.39559869E-33
  4.786000E+03   4.15645296E-33
  4.842000E+03   3.92478309E-33
  4.898000E+03   3.70822171E-33
  4.954000E+03   3.50601589E-33
  5.012000E+03   3.31032650E-33
  5.070000E+03   3.12763265E-33
  5.129000E+03   2.95387466E-33
  5.188000E+03   2.79183087E-33
  5.248000E+03   2.63777244E-33
  5.309000E+03   2.49126571E-33
  5.370000E+03   2.35463901E-33
  5.432000E+03   2.22479824E-33
  5.495000E+03   2.10166629E-33
  5.559000E+03   1.98478544E-33
  5.623000E+03   1.87555595E-33
  5.688000E+03   1.77202479E-33
  5.754000E+03   1.67373761E-33
  5.821000E+03   1.58064123E-33
  5.888000E+03   1.49374701E-33
  5.957000E+03   1.41011263E-33
  6.026000E+03   1.33210393E-33
  6.095000E+03   1.25917003E-33
  6.166000E+03   1.18891398E-33
  6.237000E+03   1.12345987E-33
  6.310000E+03   1.06064272E-33
  6.383000E+03   1.00182178E-33
  6.456000E+03   9.47084325E-34
  6.531000E+03   8.94493810E-34
  6.607000E+03   8.44614340E-34
  6.683000E+03   7.98052562E-34
  6.761000E+03   7.53602953E-34
  6.839000E+03   7.11981432E-34
  6.918000E+03   6.72559475E-34
  6.998000E+03   6.35380783E-34
  7.080000E+03   5.99784236E-34
  7.161000E+03   5.66888250E-34
  7.244000E+03   5.35409317E-34
  7.328000E+03   5.05640874E-34
  7.413000E+03   4.77530682E-34
  7.499000E+03   4.51056518E-34
  7.586000E+03   4.25967643E-34
  7.674000E+03   4.02299047E-34
  7.762000E+03   3.80195327E-34
  7.852000E+03   3.59056078E-34
  7.943000E+03   3.39155075E-34
  8.035000E+03   3.20329048E-34
  8.128000E+03   3.02504258E-34
  8.222000E+03   2.85746030E-34
  8.318000E+03   2.69783800E-34
  8.414000E+03   2.54839684E-34
  8.511000E+03   2.40742434E-34
  8.610000E+03   2.27312523E-34
  8.710000E+03   2.14643579E-34
  8.810000E+03   2.02815781E-34
  8.912000E+03   1.91597667E-34
  9.016000E+03   1.80853048E-34
  9.120000E+03   1.70829414E-34
  9.226000E+03   1.61307140E-34
  9.332000E+03   1.52380997E-34
  9.441000E+03   1.43876024E-34
  9.550000E+03   1.35918574E-34
  9.660000E+03   1.28404228E-34
  9.772000E+03   1.21254558E-34
  9.886000E+03   1.14452616E-34
  1.000000E+04   1.08123677E-34
  1.012000E+04   1.04253608E-34
  1.023000E+04   1.00867607E-34
  1.035000E+04   9.73399295E-35
  1.047000E+04   9.39757928E-35
  1.059000E+04   9.07657805E-35
  1.072000E+04   8.74520345E-35
  1.084000E+04   8.45356340E-35
  1.096000E+04   8.17481714E-35
  1.109000E+04   7.88657211E-35
  1.122000E+04   7.61178986E-35
  1.135000E+04   7.34968988E-35
  1.148000E+04   7.09954552E-35
  1.161000E+04   6.86067975E-35
  1.175000E+04   6.61532980E-35
  1.188000E+04   6.39791968E-35
  1.202000E+04   6.17435789E-35
  1.216000E+04   5.96113816E-35
  1.230000E+04   5.75766684E-35
  1.244000E+04   5.56339090E-35
  1.259000E+04   5.36485700E-35
  1.274000E+04   5.17569700E-35
  1.288000E+04   5.00712025E-35
  1.303000E+04   4.83456058E-35
  1.318000E+04   4.66987054E-35
  1.334000E+04   4.50237426E-35
  1.349000E+04   4.35257120E-35
  1.365000E+04   4.20004350E-35
  1.380000E+04   4.06347726E-35
  1.396000E+04   3.92427746E-35
  1.412000E+04   3.79138546E-35
  1.429000E+04   3.65670316E-35
  1.445000E+04   3.53572811E-35
  1.462000E+04   3.41298739E-35
  1.479000E+04   3.29588058E-35
  1.496000E+04   3.18408715E-35
  1.514000E+04   3.07117726E-35
  1.531000E+04   2.96940437E-35
  1.549000E+04   2.86650142E-35
  1.567000E+04   2.76831224E-35
  1.585000E+04   2.67456926E-35
  1.603000E+04   2.58502298E-35
  1.622000E+04   2.49479776E-35
  1.641000E+04   2.40873390E-35
  1.660000E+04   2.32659366E-35
  1.679000E+04   2.24815540E-35
  1.698000E+04   2.17321243E-35
  1.718000E+04   2.09788918E-35
  1.738000E+04   2.02601515E-35
  1.758000E+04   1.95739470E-35
  1.778000E+04   1.89184539E-35
  1.799000E+04   1.82613777E-35
  1.820000E+04   1.76344466E-35
  1.841000E+04   1.70359478E-35
  1.862000E+04   1.64642844E-35
  1.884000E+04   1.58925591E-35
  1.906000E+04   1.53470532E-35
  1.928000E+04   1.48262781E-35
  1.950000E+04   1.43288453E-35
  1.972000E+04   1.38534592E-35
  1.995000E+04   1.33787248E-35
  2.018000E+04   1.29254742E-35
  2.042000E+04   1.24741214E-35
  2.065000E+04   1.20611161E-35
  2.089000E+04   1.16493967E-35
  2.114000E+04   1.12402411E-35
  2.138000E+04   1.08653114E-35
  2.163000E+04   1.04923097E-35
  2.188000E+04   1.01362135E-35
  2.213000E+04   9.79607449E-36
  2.239000E+04   9.45830634E-36
  2.265000E+04   9.13591161E-36
  2.291000E+04   8.82802432E-36
  2.317000E+04   8.53383646E-36
  2.344000E+04   8.24202525E-36
  2.371000E+04   7.96338549E-36
  2.399000E+04   7.68755171E-36
  2.427000E+04   7.42432698E-36
  2.455000E+04   7.17299811E-36
  2.483000E+04   6.93289982E-36
  2.512000E+04   6.69540385E-36
  2.541000E+04   6.46864508E-36
  2.570000E+04   6.25202287E-36
  2.600000E+04   6.03800130E-36
  2.630000E+04   5.83364824E-36
  2.661000E+04   5.63206699E-36
  2.692000E+04   5.43967664E-36
  2.723000E+04   5.25595879E-36
  2.754000E+04   5.08042975E-36
  2.786000E+04   4.90734923E-36
  2.818000E+04   4.74204955E-36
  2.851000E+04   4.57927588E-36
  2.884000E+04   4.42387408E-36
  2.917000E+04   4.27543114E-36
  2.951000E+04   4.12936120E-36
  2.985000E+04   3.98987565E-36
  3.020000E+04   3.85277821E-36
  3.055000E+04   3.72189559E-36
  3.090000E+04   3.59687931E-36
  3.126000E+04   3.47406888E-36
  3.162000E+04   3.35679045E-36
  3.199000E+04   3.24169490E-36
  3.236000E+04   3.13180525E-36
  3.273000E+04   3.02683025E-36
  3.311000E+04   2.92384835E-36
  3.350000E+04   2.82296034E-36
  3.388000E+04   2.72907792E-36
  3.428000E+04   2.63470082E-36
  3.467000E+04   2.54682971E-36
  3.508000E+04   2.45861779E-36
  3.548000E+04   2.37644251E-36
  3.589000E+04   2.29597192E-36
  3.631000E+04   2.21726408E-36
  3.673000E+04   2.14211506E-36
  3.715000E+04   2.07032584E-36
  3.758000E+04   2.00011420E-36
  3.802000E+04   1.93151960E-36
  3.846000E+04   1.86602769E-36
  3.890000E+04   1.80346492E-36
  3.936000E+04   1.74101453E-36
  3.981000E+04   1.68268234E-36
