# DH21 astrodust SED for Mathis ISRF, U = 1.585
# Enthalpy stage: S1
# columns: lambda[um]    lambda*I_lambda / N_H [erg s^-1 cm^-2 sr^-1 H^-1]
  9.120000E-02   2.98703458E-62
  9.226000E-02   8.06070785E-62
  9.332000E-02   2.12473643E-61
  9.441000E-02   5.62496721E-61
  9.550000E-02   1.45566055E-60
  9.661000E-02   3.74507105E-60
  9.772000E-02   9.42662302E-60
  9.886000E-02   2.37974552E-59
  1.000000E-01   5.87695282E-59
  1.012000E-01   1.48750321E-58
  1.023000E-01   3.41486645E-58
  1.035000E-01   8.27940379E-58
  1.047000E-01   1.96443865E-57
  1.059000E-01   4.56491345E-57
  1.072000E-01   1.11227961E-56
  1.084000E-01   2.47988226E-56
  1.097000E-01   5.78518076E-56
  1.109000E-01   1.24074268E-55
  1.122000E-01   2.78053704E-55
  1.135000E-01   6.11363491E-55
  1.148000E-01   1.31988277E-54
  1.161000E-01   2.79377593E-54
  1.175000E-01   6.12967366E-54
  1.189000E-01   1.31746749E-53
  1.202000E-01   2.63453860E-53
  1.216000E-01   5.45465587E-53
  1.230000E-01   1.10904733E-52
  1.244000E-01   2.21719108E-52
  1.259000E-01   4.57484893E-52
  1.274000E-01   9.26127716E-52
  1.288000E-01   1.75923655E-51
  1.303000E-01   3.43923456E-51
  1.318000E-01   6.61790427E-51
  1.333000E-01   1.25196627E-50
  1.349000E-01   2.42464491E-50
  1.365000E-01   4.60913784E-50
  1.380000E-01   8.26767483E-50
  1.396000E-01   1.50595253E-49
  1.412000E-01   2.69604925E-49
  1.429000E-01   4.91256788E-49
  1.445000E-01   8.48784235E-49
  1.462000E-01   1.48884880E-48
  1.479000E-01   2.56433133E-48
  1.496000E-01   4.34831680E-48
  1.514000E-01   7.47457585E-48
  1.531000E-01   1.22572577E-47
  1.549000E-01   2.03180443E-47
  1.567000E-01   3.32985201E-47
  1.585000E-01   5.38431507E-47
  1.603000E-01   8.58800060E-47
  1.622000E-01   1.38638362E-46
  1.641000E-01   2.20552293E-46
  1.660000E-01   3.48754532E-46
  1.679000E-01   5.51930591E-46
  1.698000E-01   8.65517018E-46
  1.718000E-01   1.37730850E-45
  1.738000E-01   2.17466146E-45
  1.758000E-01   3.41250271E-45
  1.778000E-01   5.28138399E-45
  1.799000E-01   8.15305341E-45
  1.820000E-01   1.24590892E-44
  1.841000E-01   1.88695413E-44
  1.862000E-01   2.83488996E-44
  1.884000E-01   4.31237267E-44
  1.905000E-01   6.40026914E-44
  1.928000E-01   1.00748697E-43
  1.950000E-01   1.55170866E-43
  1.972000E-01   2.37937725E-43
  1.995000E-01   3.70436889E-43
  2.018000E-01   5.74361641E-43
  2.042000E-01   9.03703003E-43
  2.065000E-01   1.38956820E-42
  2.089000E-01   2.12101715E-42
  2.113000E-01   3.20343789E-42
  2.138000E-01   4.87452965E-42
  2.163000E-01   7.34619512E-42
  2.188000E-01   1.09689207E-41
  2.213000E-01   1.62319275E-41
  2.239000E-01   2.41794926E-41
  2.265000E-01   3.56937373E-41
  2.291000E-01   5.22449057E-41
  2.317000E-01   7.58403178E-41
  2.344000E-01   1.10696505E-40
  2.371000E-01   1.60180528E-40
  2.399000E-01   2.32765859E-40
  2.427000E-01   3.35232007E-40
  2.455000E-01   4.78827712E-40
  2.483000E-01   6.78322914E-40
  2.512000E-01   9.65365652E-40
  2.541000E-01   1.36244099E-39
  2.570000E-01   1.90724759E-39
  2.600000E-01   2.67897710E-39
  2.630000E-01   3.73223897E-39
  2.661000E-01   5.21462518E-39
  2.691000E-01   7.15116804E-39
  2.723000E-01   9.93680753E-39
  2.754000E-01   1.35608737E-38
  2.786000E-01   1.85496979E-38
  2.818000E-01   2.51881562E-38
  2.851000E-01   3.42624519E-38
  2.884000E-01   4.62644902E-38
  2.917000E-01   6.20297362E-38
  2.951000E-01   8.32901688E-38
  2.985000E-01   1.11075784E-37
  3.020000E-01   1.48300739E-37
  3.055000E-01   1.96635192E-37
  3.090000E-01   2.58967833E-37
  3.126000E-01   3.41390633E-37
  3.162000E-01   4.47061020E-37
  3.199000E-01   5.86046722E-37
  3.236000E-01   7.63150582E-37
  3.273000E-01   9.87343196E-37
  3.311000E-01   1.27848469E-36
  3.350000E-01   1.65602557E-36
  3.388000E-01   2.11790981E-36
  3.428000E-01   2.72706225E-36
  3.467000E-01   3.46844769E-36
  3.507000E-01   4.41287234E-36
  3.548000E-01   5.61457894E-36
  3.589000E-01   7.10180869E-36
  3.631000E-01   8.98311888E-36
  3.673000E-01   1.12960561E-35
  3.715000E-01   1.41295667E-35
  3.758000E-01   1.76685210E-35
  3.802000E-01   2.20906138E-35
  3.846000E-01   2.74644599E-35
  3.891000E-01   3.41338490E-35
  3.936000E-01   4.22042913E-35
  3.981000E-01   5.19075151E-35
  4.027000E-01   6.38172175E-35
  4.074000E-01   7.84066015E-35
  4.121000E-01   9.58447265E-35
  4.169000E-01   1.17094403E-34
  4.217000E-01   1.42365460E-34
  4.266000E-01   1.72964818E-34
  4.315000E-01   2.09159748E-34
  4.365000E-01   2.52667953E-34
  4.416000E-01   3.05027511E-34
  4.467000E-01   3.66536421E-34
  4.519000E-01   4.39992317E-34
  4.571000E-01   5.25896458E-34
  4.624000E-01   6.27861345E-34
  4.677000E-01   7.46527267E-34
  4.732000E-01   8.89395268E-34
  4.786000E-01   1.05184005E-33
  4.842000E-01   1.24657191E-33
  4.898000E-01   1.47109915E-33
  4.954000E-01   1.72914848E-33
  5.012000E-01   2.03579008E-33
  5.070000E-01   2.38767146E-33
  5.129000E-01   2.79672214E-33
  5.188000E-01   3.26303379E-33
  5.248000E-01   3.80227353E-33
  5.309000E-01   4.42542458E-33
  5.370000E-01   5.13132258E-33
  5.433000E-01   5.95685756E-33
  5.495000E-01   6.87416080E-33
  5.559000E-01   7.94022709E-33
  5.623000E-01   9.13997127E-33
  5.688000E-01   1.05074381E-32
  5.754000E-01   1.20634908E-32
  5.821000E-01   1.38311570E-32
  5.888000E-01   1.58046994E-32
  5.957000E-01   1.80706080E-32
  6.026000E-01   2.05914797E-32
  6.095000E-01   2.33907947E-32
  6.166000E-01   2.65812301E-32
  6.237000E-01   3.01065094E-32
  6.310000E-01   3.41188506E-32
  6.383000E-01   3.85373021E-32
  6.457000E-01   4.34673802E-32
  6.531000E-01   4.88824997E-32
  6.607000E-01   5.49924064E-32
  6.683000E-01   6.16901608E-32
  6.761000E-01   6.92050665E-32
  6.839000E-01   7.74190665E-32
  6.918000E-01   8.64822176E-32
  6.998000E-01   9.64796192E-32
  7.079000E-01   1.07475118E-31
  7.161000E-01   1.19556774E-31
  7.244000E-01   1.32843575E-31
  7.328000E-01   1.47364206E-31
  7.413000E-01   1.63243458E-31
  7.499000E-01   1.80581109E-31
  7.586000E-01   1.99496256E-31
  7.674000E-01   2.20069714E-31
  7.763000E-01   2.42447044E-31
  7.852000E-01   2.66475390E-31
  7.943000E-01   2.92768454E-31
  8.035000E-01   3.21246918E-31
  8.128000E-01   3.51980223E-31
  8.222000E-01   3.85102798E-31
  8.318000E-01   4.21162982E-31
  8.414000E-01   4.59583784E-31
  8.511000E-01   5.00807454E-31
  8.610000E-01   5.45515125E-31
  8.710000E-01   5.93374167E-31
  8.810000E-01   6.44199066E-31
  8.913000E-01   6.99472357E-31
  9.016000E-01   7.58004939E-31
  9.120000E-01   8.20511718E-31
  9.226000E-01   8.87533915E-31
  9.333000E-01   9.59015658E-31
  9.441000E-01   1.03467091E-30
  9.550000E-01   1.11513691E-30
  9.661000E-01   1.20094028E-30
  9.772000E-01   1.29042680E-30
  9.886000E-01   1.38452497E-30
  1.000000E+00   1.48466200E-30
  1.012000E+00   1.60348642E-30
  1.023000E+00   1.71810958E-30
  1.035000E+00   1.84925056E-30
  1.047000E+00   1.98743879E-30
  1.059000E+00   2.13240090E-30
  1.071000E+00   2.28412163E-30
  1.084000E+00   2.45716262E-30
  1.097000E+00   2.63841009E-30
  1.109000E+00   2.81344350E-30
  1.122000E+00   3.01178673E-30
  1.135000E+00   3.21948124E-30
  1.148000E+00   3.43591280E-30
  1.161000E+00   3.66198887E-30
  1.175000E+00   3.91566630E-30
  1.189000E+00   4.18051080E-30
  1.202000E+00   4.43514904E-30
  1.216000E+00   4.72014565E-30
  1.230000E+00   5.01501227E-30
  1.245000E+00   5.34219194E-30
  1.259000E+00   5.65701665E-30
  1.273000E+00   5.98052298E-30
  1.288000E+00   6.33816172E-30
  1.303000E+00   6.70499561E-30
  1.318000E+00   7.08251106E-30
  1.334000E+00   7.49712229E-30
  1.349000E+00   7.89398641E-30
  1.365000E+00   8.32908188E-30
  1.380000E+00   8.74576881E-30
  1.396000E+00   9.20103482E-30
  1.413000E+00   9.69641414E-30
  1.429000E+00   1.01726038E-29
  1.445000E+00   1.06574394E-29
  1.462000E+00   1.11830913E-29
  1.479000E+00   1.17193325E-29
  1.496000E+00   1.22666077E-29
  1.514000E+00   1.28568636E-29
  1.531000E+00   1.34268639E-29
  1.549000E+00   1.40394478E-29
  1.567000E+00   1.46611927E-29
  1.585000E+00   1.52952102E-29
  1.603000E+00   1.59426433E-29
  1.622000E+00   1.66357723E-29
  1.641000E+00   1.73409942E-29
  1.660000E+00   1.80599989E-29
  1.679000E+00   1.87913112E-29
  1.698000E+00   1.95349778E-29
  1.718000E+00   2.03318815E-29
  1.738000E+00   2.11444789E-29
  1.758000E+00   2.19698613E-29
  1.778000E+00   2.28133373E-29
  1.799000E+00   2.37137404E-29
  1.820000E+00   2.46319237E-29
  1.841000E+00   2.55679459E-29
  1.862000E+00   2.65213114E-29
  1.884000E+00   2.75406546E-29
  1.906000E+00   2.85773451E-29
  1.928000E+00   2.96376488E-29
  1.950000E+00   3.07177138E-29
  1.972000E+00   3.18162022E-29
  1.995000E+00   3.29859793E-29
  2.018000E+00   3.41764623E-29
  2.042000E+00   3.54427892E-29
  2.065000E+00   3.66753339E-29
  2.089000E+00   3.79794971E-29
  2.114000E+00   3.93573276E-29
  2.138000E+00   4.06926595E-29
  2.163000E+00   4.21027615E-29
  2.188000E+00   4.35154342E-29
  2.213000E+00   4.49488730E-29
  2.239000E+00   4.64400249E-29
  2.265000E+00   4.79444145E-29
  2.291000E+00   4.94595360E-29
  2.317000E+00   5.09813896E-29
  2.344000E+00   5.25615573E-29
  2.371000E+00   5.41957698E-29
  2.399000E+00   5.58882326E-29
  2.427000E+00   5.75825501E-29
  2.455000E+00   5.92722635E-29
  2.483000E+00   6.09606911E-29
  2.512000E+00   6.27640653E-29
  2.541000E+00   6.45583760E-29
  2.570000E+00   6.63466485E-29
  2.600000E+00   6.82553537E-29
  2.630000E+00   7.01525335E-29
  2.661000E+00   7.21709840E-29
  2.691000E+00   7.40522631E-29
  2.723000E+00   7.61792306E-29
  2.754000E+00   7.81667482E-29
  2.786000E+00   8.02693629E-29
  2.818000E+00   8.24265521E-29
  2.851000E+00   8.46287200E-29
  2.884000E+00   8.68909521E-29
  2.917000E+00   8.91313958E-29
  2.951000E+00   9.14859504E-29
  2.985000E+00   9.38231902E-29
  3.020000E+00   9.62656687E-29
  3.055000E+00   9.86178844E-29
  3.090000E+00   1.00869850E-28
  3.126000E+00   1.03162543E-28
  3.162000E+00   1.05286661E-28
  3.199000E+00   1.07447806E-28
  3.236000E+00   1.09525172E-28
  3.273000E+00   1.11532666E-28
  3.311000E+00   1.13812681E-28
  3.350000E+00   1.18700324E-28
  3.388000E+00   1.26773034E-28
  3.428000E+00   1.28590172E-28
  3.467000E+00   1.30083115E-28
  3.507000E+00   1.28760428E-28
  3.548000E+00   1.28331729E-28
  3.589000E+00   1.26649096E-28
  3.631000E+00   1.26852810E-28
  3.673000E+00   1.28280525E-28
  3.715000E+00   1.29779280E-28
  3.758000E+00   1.31248602E-28
  3.802000E+00   1.32795781E-28
  3.846000E+00   1.34372975E-28
  3.891000E+00   1.35884262E-28
  3.935000E+00   1.37395962E-28
  3.981000E+00   1.39020894E-28
  4.027000E+00   1.40609664E-28
  4.074000E+00   1.42205549E-28
  4.121000E+00   1.43842381E-28
  4.169000E+00   1.45475294E-28
  4.217000E+00   1.47150303E-28
  4.266000E+00   1.48902221E-28
  4.315000E+00   1.50614596E-28
  4.365000E+00   1.52414589E-28
  4.416000E+00   1.54199280E-28
  4.467000E+00   1.56033746E-28
  4.519000E+00   1.57933872E-28
  4.571000E+00   1.59802254E-28
  4.624000E+00   1.61746405E-28
  4.677000E+00   1.63634919E-28
  4.732000E+00   1.65633368E-28
  4.786000E+00   1.67552051E-28
  4.842000E+00   1.69497454E-28
  4.898000E+00   1.71474563E-28
  4.955000E+00   1.73429917E-28
  5.012000E+00   1.75340169E-28
  5.070000E+00   1.77235704E-28
  5.129000E+00   1.79128836E-28
  5.188000E+00   1.80965510E-28
  5.248000E+00   1.82784758E-28
  5.309000E+00   1.84600934E-28
  5.370000E+00   1.86356599E-28
  5.432000E+00   1.88110037E-28
  5.495000E+00   1.89928287E-28
  5.559000E+00   1.91659484E-28
  5.623000E+00   1.93330703E-28
  5.688000E+00   1.95011744E-28
  5.754000E+00   1.96660977E-28
  5.821000E+00   1.98222485E-28
  5.888000E+00   1.99837269E-28
  5.957000E+00   2.01454366E-28
  6.026000E+00   2.03045010E-28
  6.095000E+00   2.04513630E-28
  6.166000E+00   2.06095064E-28
  6.237000E+00   2.07555446E-28
  6.310000E+00   2.09030587E-28
  6.383000E+00   2.10498965E-28
  6.457000E+00   2.11963941E-28
  6.531000E+00   2.13326053E-28
  6.607000E+00   2.14736872E-28
  6.683000E+00   2.16078918E-28
  6.761000E+00   2.17710212E-28
  6.839000E+00   2.23529013E-28
  6.918000E+00   2.21008070E-28
  6.998000E+00   2.21414596E-28
  7.080000E+00   2.22646327E-28
  7.161000E+00   2.23926504E-28
  7.244000E+00   2.25179996E-28
  7.328000E+00   2.26326316E-28
  7.413000E+00   2.27544886E-28
  7.499000E+00   2.28772207E-28
  7.586000E+00   2.29863443E-28
  7.674000E+00   2.31033514E-28
  7.762000E+00   2.31481442E-28
  7.852000E+00   2.32950112E-28
  7.943000E+00   2.36587640E-28
  8.035000E+00   2.42796024E-28
  8.128000E+00   2.51559084E-28
  8.222000E+00   2.63560726E-28
  8.318000E+00   2.82287477E-28
  8.414000E+00   2.99817746E-28
  8.511000E+00   3.16528732E-28
  8.610000E+00   3.26724141E-28
  8.710000E+00   3.44802529E-28
  8.811000E+00   3.79195439E-28
  8.913000E+00   4.14429564E-28
  9.016000E+00   4.47362881E-28
  9.120000E+00   4.83087743E-28
  9.226000E+00   5.20641862E-28
  9.333000E+00   5.55330618E-28
  9.441000E+00   5.83495691E-28
  9.550000E+00   6.04480086E-28
  9.660000E+00   6.18327992E-28
  9.772000E+00   6.25323578E-28
  9.885000E+00   6.25299977E-28
  1.000000E+01   6.18512924E-28
  1.012000E+01   6.05041718E-28
  1.023000E+01   5.89303604E-28
  1.035000E+01   5.71371634E-28
  1.047000E+01   5.54281189E-28
  1.059000E+01   5.37974570E-28
  1.072000E+01   5.21011757E-28
  1.084000E+01   5.05686052E-28
  1.097000E+01   4.88792474E-28
  1.109000E+01   4.72527617E-28
  1.122000E+01   4.53455237E-28
  1.135000E+01   4.32763743E-28
  1.148000E+01   4.14683139E-28
  1.161000E+01   3.98837055E-28
  1.175000E+01   3.83160052E-28
  1.189000E+01   3.67699528E-28
  1.202000E+01   3.52923118E-28
  1.216000E+01   3.37383175E-28
  1.230000E+01   3.23596078E-28
  1.244000E+01   3.12890344E-28
  1.259000E+01   3.06329405E-28
  1.273000E+01   3.04662033E-28
  1.288000E+01   3.05441888E-28
  1.303000E+01   3.05384953E-28
  1.318000E+01   3.06024648E-28
  1.334000E+01   3.06814180E-28
  1.349000E+01   3.07526235E-28
  1.365000E+01   3.08663750E-28
  1.380000E+01   3.10152444E-28
  1.396000E+01   3.12347950E-28
  1.412000E+01   3.15240422E-28
  1.429000E+01   3.19120030E-28
  1.445000E+01   3.23683442E-28
  1.462000E+01   3.29610448E-28
  1.479000E+01   3.36804115E-28
  1.496000E+01   3.45290101E-28
  1.514000E+01   3.55480490E-28
  1.531000E+01   3.66146178E-28
  1.549000E+01   3.78406214E-28
  1.567000E+01   3.91387367E-28
  1.585000E+01   4.04855265E-28
  1.603000E+01   4.18713809E-28
  1.622000E+01   4.33405864E-28
  1.641000E+01   4.47954313E-28
  1.660000E+01   4.62025160E-28
  1.679000E+01   4.75382789E-28
  1.698000E+01   4.87691123E-28
  1.718000E+01   4.99383210E-28
  1.738000E+01   5.09750476E-28
  1.758000E+01   5.18836533E-28
  1.778000E+01   5.26560855E-28
  1.799000E+01   5.33291181E-28
  1.820000E+01   5.38615985E-28
  1.841000E+01   5.42429750E-28
  1.862000E+01   5.44859621E-28
  1.884000E+01   5.45849237E-28
  1.906000E+01   5.45321826E-28
  1.927000E+01   5.43996537E-28
  1.950000E+01   5.41365176E-28
  1.972000E+01   5.38342865E-28
  1.995000E+01   5.34854707E-28
  2.018000E+01   5.33034867E-28
  2.042000E+01   5.31715919E-28
  2.065000E+01   5.31211650E-28
  2.089000E+01   5.31496398E-28
  2.114000E+01   5.32426073E-28
  2.138000E+01   5.33405786E-28
  2.163000E+01   5.34664344E-28
  2.188000E+01   5.35948279E-28
  2.213000E+01   5.36823165E-28
  2.239000E+01   5.37171312E-28
  2.265000E+01   5.37623529E-28
  2.291000E+01   5.37798027E-28
  2.317000E+01   5.37746697E-28
  2.344000E+01   5.38821680E-28
  2.371000E+01   5.40181058E-28
  2.399000E+01   5.42588728E-28
  2.427000E+01   5.45802947E-28
  2.455000E+01   5.50066480E-28
  2.483000E+01   5.54942654E-28
  2.512000E+01   5.60908106E-28
  2.541000E+01   5.68247708E-28
  2.570000E+01   5.76554458E-28
  2.600000E+01   5.85935899E-28
  2.630000E+01   5.96395219E-28
  2.661000E+01   6.08386338E-28
  2.692000E+01   6.22011123E-28
  2.723000E+01   6.36199879E-28
  2.754000E+01   6.52088421E-28
  2.786000E+01   6.69603661E-28
  2.818000E+01   6.88546124E-28
  2.851000E+01   7.09611766E-28
  2.884000E+01   7.32289238E-28
  2.917000E+01   7.56833259E-28
  2.951000E+01   7.83343450E-28
  2.985000E+01   8.12270609E-28
  3.020000E+01   8.44045635E-28
  3.055000E+01   8.77533025E-28
  3.090000E+01   9.13170598E-28
  3.126000E+01   9.52110446E-28
  3.162000E+01   9.93708748E-28
  3.199000E+01   1.03905942E-27
  3.236000E+01   1.08633692E-27
  3.273000E+01   1.13716240E-27
  3.311000E+01   1.19320538E-27
  3.350000E+01   1.25257268E-27
  3.388000E+01   1.31362315E-27
  3.428000E+01   1.38244831E-27
  3.467000E+01   1.45328306E-27
  3.508000E+01   1.53109818E-27
  3.548000E+01   1.61190330E-27
  3.589000E+01   1.69952087E-27
  3.631000E+01   1.79414520E-27
  3.673000E+01   1.89246642E-27
  3.715000E+01   1.99777455E-27
  3.758000E+01   2.11087064E-27
  3.802000E+01   2.23156314E-27
  3.846000E+01   2.36024043E-27
  3.890000E+01   2.49570246E-27
  3.935000E+01   2.64147230E-27
  3.981000E+01   2.79831954E-27
  4.027000E+01   2.96557135E-27
  4.074000E+01   3.14153431E-27
  4.121000E+01   3.33084701E-27
  4.169000E+01   3.53470974E-27
  4.217000E+01   3.74691536E-27
  4.266000E+01   3.97498308E-27
  4.315000E+01   4.21761384E-27
  4.365000E+01   4.47832192E-27
  4.416000E+01   4.75835539E-27
  4.467000E+01   5.05671814E-27
  4.519000E+01   5.36983043E-27
  4.571000E+01   5.70650325E-27
  4.624000E+01   6.06796155E-27
  4.677000E+01   6.44818516E-27
  4.731000E+01   6.85564851E-27
  4.786000E+01   7.29213146E-27
  4.842000E+01   7.75405921E-27
  4.898000E+01   8.25650881E-27
  4.954000E+01   8.77246050E-27
  5.012000E+01   9.33540533E-27
  5.070000E+01   9.93321556E-27
  5.129000E+01   1.05705689E-26
  5.188000E+01   1.12398641E-26
  5.248000E+01   1.19519212E-26
  5.309000E+01   1.27112408E-26
  5.370000E+01   1.35133276E-26
  5.433000E+01   1.43809945E-26
  5.495000E+01   1.52724356E-26
  5.559000E+01   1.62342894E-26
  5.623000E+01   1.72375747E-26
  5.688000E+01   1.83095812E-26
  5.754000E+01   1.94338527E-26
  5.821000E+01   2.06325266E-26
  5.888000E+01   2.18802120E-26
  5.957000E+01   2.32139964E-26
  6.026000E+01   2.46131269E-26
  6.095000E+01   2.60483088E-26
  6.166000E+01   2.75936425E-26
  6.237000E+01   2.91710680E-26
  6.310000E+01   3.08680170E-26
  6.383000E+01   3.26169725E-26
  6.457000E+01   3.44689217E-26
  6.531000E+01   3.63487556E-26
  6.607000E+01   3.83599775E-26
  6.683000E+01   4.03962500E-26
  6.761000E+01   4.25680179E-26
  6.839000E+01   4.47894831E-26
  6.918000E+01   4.70914596E-26
  6.998000E+01   4.94677044E-26
  7.079000E+01   5.19226301E-26
  7.161000E+01   5.44919935E-26
  7.244000E+01   5.70944646E-26
  7.328000E+01   5.98103785E-26
  7.413000E+01   6.25927746E-26
  7.499000E+01   6.54018837E-26
  7.586000E+01   6.83214738E-26
  7.674000E+01   7.13056278E-26
  7.762000E+01   7.43549149E-26
  7.852000E+01   7.74379819E-26
  7.943000E+01   8.05832649E-26
  8.035000E+01   8.38210258E-26
  8.128000E+01   8.70347740E-26
  8.222000E+01   9.03579869E-26
  8.318000E+01   9.36775757E-26
  8.414000E+01   9.70510790E-26
  8.511000E+01   1.00434653E-25
  8.610000E+01   1.03870066E-25
  8.710000E+01   1.07320308E-25
  8.811000E+01   1.10756366E-25
  8.912000E+01   1.14173211E-25
  9.016000E+01   1.17712876E-25
  9.120000E+01   1.21109051E-25
  9.226000E+01   1.24517249E-25
  9.332000E+01   1.27947724E-25
  9.441000E+01   1.31326047E-25
  9.550000E+01   1.34698792E-25
  9.661000E+01   1.38055053E-25
  9.772000E+01   1.41241856E-25
  9.886000E+01   1.44496471E-25
  1.000000E+02   1.47657666E-25
  1.012000E+02   1.50867937E-25
  1.023000E+02   1.53711422E-25
  1.035000E+02   1.56702944E-25
  1.047000E+02   1.59549686E-25
  1.059000E+02   1.62306593E-25
  1.072000E+02   1.65122415E-25
  1.084000E+02   1.67596404E-25
  1.097000E+02   1.70230739E-25
  1.109000E+02   1.72454202E-25
  1.122000E+02   1.74690811E-25
  1.135000E+02   1.76788408E-25
  1.148000E+02   1.78869108E-25
  1.161000E+02   1.80677221E-25
  1.175000E+02   1.82573070E-25
  1.188000E+02   1.84119133E-25
  1.202000E+02   1.85689013E-25
  1.216000E+02   1.86982849E-25
  1.230000E+02   1.88283682E-25
  1.244000E+02   1.89379901E-25
  1.259000E+02   1.90322014E-25
  1.273000E+02   1.91141996E-25
  1.288000E+02   1.91850987E-25
  1.303000E+02   1.92422405E-25
  1.318000E+02   1.92741825E-25
  1.334000E+02   1.93022757E-25
  1.349000E+02   1.93167826E-25
  1.365000E+02   1.93160505E-25
  1.380000E+02   1.93026095E-25
  1.396000E+02   1.92737853E-25
  1.412000E+02   1.92340771E-25
  1.429000E+02   1.91765974E-25
  1.445000E+02   1.91117509E-25
  1.462000E+02   1.90289459E-25
  1.479000E+02   1.89368139E-25
  1.496000E+02   1.88312187E-25
  1.514000E+02   1.87111693E-25
  1.531000E+02   1.85854534E-25
  1.549000E+02   1.84459493E-25
  1.567000E+02   1.82946829E-25
  1.585000E+02   1.81373981E-25
  1.603000E+02   1.79826005E-25
  1.622000E+02   1.77968557E-25
  1.641000E+02   1.76067222E-25
  1.660000E+02   1.74130588E-25
  1.679000E+02   1.72066573E-25
  1.698000E+02   1.70140353E-25
  1.718000E+02   1.67880326E-25
  1.738000E+02   1.65605469E-25
  1.758000E+02   1.63321040E-25
  1.778000E+02   1.61097027E-25
  1.799000E+02   1.58605849E-25
  1.820000E+02   1.56122557E-25
  1.841000E+02   1.53699607E-25
  1.862000E+02   1.51155704E-25
  1.884000E+02   1.48514455E-25
  1.906000E+02   1.45937632E-25
  1.928000E+02   1.43322011E-25
  1.950000E+02   1.40682950E-25
  1.972000E+02   1.38132666E-25
  1.995000E+02   1.35416640E-25
  2.018000E+02   1.32707055E-25
  2.042000E+02   1.29973963E-25
  2.065000E+02   1.27321022E-25
  2.089000E+02   1.24658640E-25
  2.114000E+02   1.21821714E-25
  2.138000E+02   1.19236393E-25
  2.163000E+02   1.16491605E-25
  2.188000E+02   1.13773708E-25
  2.213000E+02   1.11205137E-25
  2.239000E+02   1.08491614E-25
  2.265000E+02   1.05887397E-25
  2.291000E+02   1.03290917E-25
  2.317000E+02   1.00803113E-25
  2.344000E+02   9.81927643E-26
  2.371000E+02   9.56941479E-26
  2.399000E+02   9.31259993E-26
  2.427000E+02   9.06701709E-26
  2.455000E+02   8.82362130E-26
  2.483000E+02   8.58784113E-26
  2.512000E+02   8.34675802E-26
  2.541000E+02   8.11657483E-26
  2.570000E+02   7.88962375E-26
  2.600000E+02   7.66251759E-26
  2.630000E+02   7.43917373E-26
  2.661000E+02   7.21944844E-26
  2.691000E+02   7.01088012E-26
  2.723000E+02   6.79545360E-26
  2.754000E+02   6.59569604E-26
  2.786000E+02   6.39078665E-26
  2.818000E+02   6.19891125E-26
  2.851000E+02   6.00257644E-26
  2.884000E+02   5.81332153E-26
  2.917000E+02   5.62862597E-26
  2.951000E+02   5.45070210E-26
  2.985000E+02   5.27227320E-26
  3.020000E+02   5.10039599E-26
  3.055000E+02   4.93410484E-26
  3.090000E+02   4.77014437E-26
  3.126000E+02   4.61266040E-26
  3.162000E+02   4.45517847E-26
  3.199000E+02   4.30422315E-26
  3.236000E+02   4.15567749E-26
  3.273000E+02   4.01513589E-26
  3.311000E+02   3.87788663E-26
  3.350000E+02   3.73954977E-26
  3.388000E+02   3.61034685E-26
  3.428000E+02   3.47882099E-26
  3.467000E+02   3.35952232E-26
  3.508000E+02   3.23695021E-26
  3.548000E+02   3.12153287E-26
  3.589000E+02   3.00813270E-26
  3.631000E+02   2.89625346E-26
  3.673000E+02   2.79071044E-26
  3.715000E+02   2.69088417E-26
  3.758000E+02   2.58938269E-26
  3.802000E+02   2.49300653E-26
  3.846000E+02   2.39751211E-26
  3.890000E+02   2.30886913E-26
  3.935000E+02   2.22193338E-26
  3.981000E+02   2.13663375E-26
  4.027000E+02   2.05506318E-26
  4.074000E+02   1.97514923E-26
  4.121000E+02   1.89996963E-26
  4.169000E+02   1.82532080E-26
  4.217000E+02   1.75378446E-26
  4.266000E+02   1.68620824E-26
  4.315000E+02   1.62053064E-26
  4.365000E+02   1.55537916E-26
  4.416000E+02   1.49397247E-26
  4.467000E+02   1.43426391E-26
  4.519000E+02   1.37710113E-26
  4.571000E+02   1.32252200E-26
  4.624000E+02   1.26855408E-26
  4.677000E+02   1.21785056E-26
  4.731000E+02   1.16934005E-26
  4.786000E+02   1.12066221E-26
  4.842000E+02   1.07493297E-26
  4.898000E+02   1.03062693E-26
  4.955000E+02   9.88334873E-27
  5.012000E+02   9.48005635E-27
  5.070000E+02   9.08282541E-27
  5.129000E+02   8.70408556E-27
  5.188000E+02   8.34953222E-27
  5.248000E+02   7.99447175E-27
  5.309000E+02   7.66219106E-27
  5.370000E+02   7.34572712E-27
  5.432000E+02   7.03470658E-27
  5.495000E+02   6.73868042E-27
  5.559000E+02   6.44826622E-27
  5.623000E+02   6.17631811E-27
  5.688000E+02   5.91832648E-27
  5.754000E+02   5.66072311E-27
  5.821000E+02   5.42042627E-27
  5.888000E+02   5.18774379E-27
  5.957000E+02   4.96085192E-27
  6.026000E+02   4.74864674E-27
  6.095000E+02   4.54698149E-27
  6.166000E+02   4.34683939E-27
  6.237000E+02   4.15967633E-27
  6.310000E+02   3.97708240E-27
  6.383000E+02   3.80421887E-27
  6.457000E+02   3.63749727E-27
  6.531000E+02   3.48201777E-27
  6.607000E+02   3.32536382E-27
  6.683000E+02   3.18170871E-27
  6.761000E+02   3.03971934E-27
  6.839000E+02   2.90712047E-27
  6.918000E+02   2.77968060E-27
  6.998000E+02   2.65547070E-27
  7.080000E+02   2.53665226E-27
  7.161000E+02   2.42526152E-27
  7.244000E+02   2.31767586E-27
  7.328000E+02   2.21392621E-27
  7.413000E+02   2.11644327E-27
  7.499000E+02   2.01968702E-27
  7.586000E+02   1.93013451E-27
  7.674000E+02   1.84432719E-27
  7.762000E+02   1.76185043E-27
  7.852000E+02   1.68145016E-27
  7.943000E+02   1.60608292E-27
  8.035000E+02   1.53288418E-27
  8.128000E+02   1.46473297E-27
  8.222000E+02   1.39877376E-27
  8.318000E+02   1.33438826E-27
  8.414000E+02   1.27445604E-27
  8.511000E+02   1.21712535E-27
  8.610000E+02   1.16095715E-27
  8.710000E+02   1.10829332E-27
  8.810000E+02   1.05844258E-27
  8.912000E+02   1.00974537E-27
  9.016000E+02   9.63466756E-28
  9.120000E+02   9.19873616E-28
  9.226000E+02   8.77168243E-28
  9.333000E+02   8.37164285E-28
  9.441000E+02   7.98956444E-28
  9.550000E+02   7.62087578E-28
  9.660000E+02   7.27388556E-28
  9.772000E+02   6.94057256E-28
  9.885000E+02   6.61884855E-28
  1.000000E+03   6.31381573E-28
  1.012000E+03   6.01303534E-28
  1.023000E+03   5.75000657E-28
  1.035000E+03   5.48231723E-28
  1.047000E+03   5.22939298E-28
  1.059000E+03   4.98804764E-28
  1.072000E+03   4.74446407E-28
  1.084000E+03   4.53234845E-28
  1.096000E+03   4.32945196E-28
  1.109000E+03   4.12451094E-28
  1.122000E+03   3.93157290E-28
  1.135000E+03   3.74734032E-28
  1.148000E+03   3.57570016E-28
  1.161000E+03   3.41341200E-28
  1.175000E+03   3.24663773E-28
  1.188000E+03   3.10239379E-28
  1.202000E+03   2.95590706E-28
  1.216000E+03   2.81611316E-28
  1.230000E+03   2.68597174E-28
  1.244000E+03   2.56298123E-28
  1.259000E+03   2.43735104E-28
  1.274000E+03   2.32057876E-28
  1.288000E+03   2.21787531E-28
  1.303000E+03   2.11242550E-28
  1.318000E+03   2.01453896E-28
  1.334000E+03   1.91632125E-28
  1.349000E+03   1.82801249E-28
  1.365000E+03   1.74062035E-28
  1.380000E+03   1.66339812E-28
  1.396000E+03   1.58449272E-28
  1.412000E+03   1.51107725E-28
  1.429000E+03   1.43767319E-28
  1.445000E+03   1.37159804E-28
  1.462000E+03   1.30642293E-28
  1.479000E+03   1.24496961E-28
  1.496000E+03   1.18634116E-28
  1.514000E+03   1.12863848E-28
  1.531000E+03   1.07723674E-28
  1.549000E+03   1.02531168E-28
  1.567000E+03   9.77026938E-29
  1.585000E+03   9.31600492E-29
  1.603000E+03   8.87985160E-29
  1.622000E+03   8.45414880E-29
  1.641000E+03   8.05193438E-29
  1.660000E+03   7.66851165E-29
  1.679000E+03   7.31282720E-29
  1.698000E+03   6.97693827E-29
  1.718000E+03   6.63889020E-29
  1.738000E+03   6.32463391E-29
  1.758000E+03   6.02911371E-29
  1.778000E+03   5.74632093E-29
  1.799000E+03   5.47106724E-29
  1.820000E+03   5.21166210E-29
  1.841000E+03   4.96377083E-29
  1.862000E+03   4.73378057E-29
  1.884000E+03   4.50654376E-29
  1.906000E+03   4.28964609E-29
  1.928000E+03   4.08853315E-29
  1.950000E+03   3.89875240E-29
  1.972000E+03   3.71706839E-29
  1.995000E+03   3.54100597E-29
  2.018000E+03   3.37007736E-29
  2.042000E+03   3.20389405E-29
  2.065000E+03   3.05380905E-29
  2.089000E+03   2.90469022E-29
  2.114000E+03   2.76004642E-29
  2.138000E+03   2.62969656E-29
  2.163000E+03   2.50006233E-29
  2.188000E+03   2.37962696E-29
  2.213000E+03   2.26612887E-29
  2.239000E+03   2.15350443E-29
  2.265000E+03   2.04925280E-29
  2.291000E+03   1.95098831E-29
  2.317000E+03   1.85721830E-29
  2.344000E+03   1.76668560E-29
  2.371000E+03   1.68143247E-29
  2.399000E+03   1.59740930E-29
  2.427000E+03   1.51940760E-29
  2.455000E+03   1.44596738E-29
  2.483000E+03   1.37585285E-29
  2.512000E+03   1.30839747E-29
  2.541000E+03   1.24490179E-29
  2.570000E+03   1.18449269E-29
  2.600000E+03   1.12646108E-29
  2.630000E+03   1.07182403E-29
  2.661000E+03   1.01801923E-29
  2.692000E+03   9.68071802E-30
  2.723000E+03   9.21219142E-30
  2.754000E+03   8.76503645E-30
  2.786000E+03   8.33609197E-30
  2.818000E+03   7.93234985E-30
  2.851000E+03   7.54042703E-30
  2.884000E+03   7.16695975E-30
  2.917000E+03   6.82129147E-30
  2.951000E+03   6.48600133E-30
  2.985000E+03   6.16629615E-30
  3.020000E+03   5.86080881E-30
  3.055000E+03   5.57341076E-30
  3.090000E+03   5.30286453E-30
  3.126000E+03   5.03858199E-30
  3.162000E+03   4.79317944E-30
  3.199000E+03   4.55587688E-30
  3.236000E+03   4.32971513E-30
  3.273000E+03   4.11968674E-30
  3.311000E+03   3.91664237E-30
  3.350000E+03   3.72128258E-30
  3.388000E+03   3.54008782E-30
  3.428000E+03   3.36226558E-30
  3.467000E+03   3.19976014E-30
  3.508000E+03   3.03762818E-30
  3.548000E+03   2.89023089E-30
  3.589000E+03   2.74857997E-30
  3.631000E+03   2.61154103E-30
  3.673000E+03   2.48152083E-30
  3.715000E+03   2.36077495E-30
  3.758000E+03   2.24444304E-30
  3.802000E+03   2.13251030E-30
  3.846000E+03   2.02631760E-30
  3.890000E+03   1.92731858E-30
  3.936000E+03   1.83038880E-30
  3.981000E+03   1.74121125E-30
  4.027000E+03   1.65432058E-30
  4.074000E+03   1.57194644E-30
  4.121000E+03   1.49447323E-30
  4.169000E+03   1.42038784E-30
  4.217000E+03   1.34978880E-30
  4.266000E+03   1.28262108E-30
  4.315000E+03   1.21972019E-30
  4.365000E+03   1.15933778E-30
  4.416000E+03   1.10069286E-30
  4.467000E+03   1.04652588E-30
  4.519000E+03   9.94344214E-31
  4.571000E+03   9.45495451E-31
  4.624000E+03   8.97852809E-31
  4.677000E+03   8.53829184E-31
  4.732000E+03   8.10884761E-31
  4.786000E+03   7.71219223E-31
  4.842000E+03   7.32230516E-31
  4.898000E+03   6.95887249E-31
  4.954000E+03   6.61862979E-31
  5.012000E+03   6.28568123E-31
  5.070000E+03   5.97409197E-31
  5.129000E+03   5.67249389E-31
  5.188000E+03   5.39250598E-31
  5.248000E+03   5.12472382E-31
  5.309000E+03   4.87002387E-31
  5.370000E+03   4.62623072E-31
  5.432000E+03   4.39741428E-31
  5.495000E+03   4.17879118E-31
  5.559000E+03   3.96897635E-31
  5.623000E+03   3.77272398E-31
  5.688000E+03   3.58289219E-31
  5.754000E+03   3.40496930E-31
  5.821000E+03   3.23431605E-31
  5.888000E+03   3.07388099E-31
  5.957000E+03   2.91744552E-31
  6.026000E+03   2.77235230E-31
  6.095000E+03   2.63588148E-31
  6.166000E+03   2.50384436E-31
  6.237000E+03   2.37972708E-31
  6.310000E+03   2.25827916E-31
  6.383000E+03   2.14562811E-31
  6.456000E+03   2.04027296E-31
  6.531000E+03   1.93791971E-31
  6.607000E+03   1.84099061E-31
  6.683000E+03   1.74869595E-31
  6.761000E+03   1.66083546E-31
  6.839000E+03   1.57826076E-31
  6.918000E+03   1.49962698E-31
  6.998000E+03   1.42476916E-31
  7.080000E+03   1.35177327E-31
  7.161000E+03   1.28527141E-31
  7.244000E+03   1.22081456E-31
  7.328000E+03   1.15986352E-31
  7.413000E+03   1.10189401E-31
  7.499000E+03   1.04606897E-31
  7.586000E+03   9.93694260E-32
  7.674000E+03   9.43905836E-32
  7.762000E+03   8.97101582E-32
  7.852000E+03   8.52099374E-32
  7.943000E+03   8.09598920E-32
  8.035000E+03   7.68450565E-32
  8.128000E+03   7.30111103E-32
  8.222000E+03   6.93684170E-32
  8.318000E+03   6.58721623E-32
  8.414000E+03   6.25870870E-32
  8.511000E+03   5.94273865E-32
  8.610000E+03   5.64364101E-32
  8.710000E+03   5.35980939E-32
  8.810000E+03   5.09466640E-32
  8.912000E+03   4.83881907E-32
  9.016000E+03   4.59527788E-32
  9.120000E+03   4.36353597E-32
  9.226000E+03   4.14306724E-32
  9.332000E+03   3.93720176E-32
  9.441000E+03   3.73829081E-32
  9.550000E+03   3.55137250E-32
  9.660000E+03   3.37524558E-32
  9.772000E+03   3.20341932E-32
  9.886000E+03   3.04127275E-32
  1.000000E+04   2.88991750E-32
  1.012000E+04   2.73943454E-32
  1.023000E+04   2.61047109E-32
  1.035000E+04   2.47813146E-32
  1.047000E+04   2.35223959E-32
  1.059000E+04   2.23469424E-32
  1.072000E+04   2.11662131E-32
  1.084000E+04   2.01384561E-32
  1.096000E+04   1.91695738E-32
  1.109000E+04   1.81828117E-32
  1.122000E+04   1.72517019E-32
  1.135000E+04   1.63821929E-32
  1.148000E+04   1.55708398E-32
  1.161000E+04   1.48019207E-32
  1.175000E+04   1.40302618E-32
  1.188000E+04   1.33568863E-32
  1.202000E+04   1.26664364E-32
  1.216000E+04   1.20265436E-32
  1.230000E+04   1.14252743E-32
  1.244000E+04   1.08599275E-32
  1.259000E+04   1.02953962E-32
  1.274000E+04   9.76211707E-33
  1.288000E+04   9.28843589E-33
  1.303000E+04   8.82028530E-33
  1.318000E+04   8.38079358E-33
  1.334000E+04   7.93796295E-33
  1.349000E+04   7.55031187E-33
  1.365000E+04   7.16212279E-33
  1.380000E+04   6.82011678E-33
  1.396000E+04   6.47235836E-33
  1.412000E+04   6.14983893E-33
  1.429000E+04   5.82817761E-33
  1.445000E+04   5.54588283E-33
  1.462000E+04   5.26202267E-33
  1.479000E+04   4.99529459E-33
  1.496000E+04   4.74382522E-33
  1.514000E+04   4.49665820E-33
  1.531000E+04   4.27588601E-33
  1.549000E+04   4.05794074E-33
  1.567000E+04   3.85332433E-33
  1.585000E+04   3.66109200E-33
  1.603000E+04   3.48028542E-33
  1.622000E+04   3.29883800E-33
  1.641000E+04   3.13069517E-33
  1.660000E+04   2.97299704E-33
  1.679000E+04   2.82581413E-33
  1.698000E+04   2.68624600E-33
  1.718000E+04   2.54828211E-33
  1.738000E+04   2.41970612E-33
  1.758000E+04   2.29764567E-33
  1.778000E+04   2.18327688E-33
  1.799000E+04   2.07141753E-33
  1.820000E+04   1.96644904E-33
  1.841000E+04   1.86787498E-33
  1.862000E+04   1.77523902E-33
  1.884000E+04   1.68288041E-33
  1.906000E+04   1.59732731E-33
  1.928000E+04   1.51709249E-33
  1.950000E+04   1.44156190E-33
  1.972000E+04   1.37056339E-33
  1.995000E+04   1.30140201E-33
  2.018000E+04   1.23505112E-33
  2.042000E+04   1.17147391E-33
  2.065000E+04   1.11369291E-33
  2.089000E+04   1.05753743E-33
  2.114000E+04   1.00269268E-33
  2.138000E+04   9.53210097E-34
  2.163000E+04   9.04171506E-34
  2.188000E+04   8.58302412E-34
  2.213000E+04   8.15605612E-34
  2.239000E+04   7.74289907E-34
  2.265000E+04   7.35142604E-34
  2.291000E+04   6.97867742E-34
  2.317000E+04   6.63279062E-34
  2.344000E+04   6.29883433E-34
  2.371000E+04   5.98171777E-34
  2.399000E+04   5.67306193E-34
  2.427000E+04   5.38282577E-34
  2.455000E+04   5.11370670E-34
  2.483000E+04   4.85794587E-34
  2.512000E+04   4.61183062E-34
  2.541000E+04   4.38058364E-34
  2.570000E+04   4.16056237E-34
  2.600000E+04   3.94946943E-34
  2.630000E+04   3.75118938E-34
  2.661000E+04   3.55643978E-34
  2.692000E+04   3.37597411E-34
  2.723000E+04   3.20645977E-34
  2.754000E+04   3.04695718E-34
  2.786000E+04   2.89238255E-34
  2.818000E+04   2.74880532E-34
  2.851000E+04   2.60647708E-34
  2.884000E+04   2.47600874E-34
  2.917000E+04   2.35182471E-34
  2.951000E+04   2.23169203E-34
  2.985000E+04   2.12152751E-34
  3.020000E+04   1.99319206E-34
  3.055000E+04   1.77695201E-34
  3.090000E+04   1.48740809E-34
  3.126000E+04   1.19918282E-34
  3.162000E+04   9.61115446E-35
  3.199000E+04   7.75112827E-35
  3.236000E+04   6.36296085E-35
  3.273000E+04   5.31575715E-35
  3.311000E+04   4.49917714E-35
  3.350000E+04   3.85198800E-35
  3.388000E+04   3.35158481E-35
  3.428000E+04   2.93030009E-35
  3.467000E+04   2.59357891E-35
  3.508000E+04   2.30314578E-35
  3.548000E+04   2.06440051E-35
  3.589000E+04   1.85884739E-35
  3.631000E+04   1.67747942E-35
  3.673000E+04   1.52162150E-35
  3.715000E+04   1.38746123E-35
  3.758000E+04   1.26613681E-35
  3.802000E+04   1.15730499E-35
  3.846000E+04   1.06236540E-35
  3.890000E+04   9.77511952E-36
  3.936000E+04   8.98668004E-36
  3.981000E+04   8.29448588E-36
