# DH21 astrodust SED for Mathis ISRF, U = 1.585
# Enthalpy stage: S2
# columns: lambda[um]    lambda*I_lambda / N_H [erg s^-1 cm^-2 sr^-1 H^-1]
  9.120000E-02   3.64990188E-56
  9.226000E-02   8.34246757E-56
  9.332000E-02   1.86931527E-55
  9.441000E-02   4.20290589E-55
  9.550000E-02   9.27057962E-55
  9.661000E-02   2.03427249E-54
  9.772000E-02   4.38259321E-54
  9.886000E-02   9.46327932E-54
  1.000000E-01   2.00589326E-53
  1.012000E-01   4.33853748E-53
  1.023000E-01   8.65078307E-53
  1.035000E-01   1.80454728E-52
  1.047000E-01   3.69629265E-52
  1.059000E-01   7.43949599E-52
  1.072000E-01   1.55690461E-51
  1.084000E-01   3.02612994E-51
  1.097000E-01   6.10481126E-51
  1.109000E-01   1.14839583E-50
  1.122000E-01   2.23981803E-50
  1.135000E-01   4.29964073E-50
  1.148000E-01   8.12917725E-50
  1.161000E-01   1.51136245E-49
  1.175000E-01   2.89294043E-49
  1.189000E-01   5.44206266E-49
  1.202000E-01   9.64257856E-49
  1.216000E-01   1.75767991E-48
  1.230000E-01   3.15551947E-48
  1.244000E-01   5.58592931E-48
  1.259000E-01   1.01479773E-47
  1.274000E-01   1.81424535E-47
  1.288000E-01   3.07690852E-47
  1.303000E-01   5.34178220E-47
  1.318000E-01   9.15303923E-47
  1.333000E-01   1.54598441E-46
  1.349000E-01   2.66053039E-46
  1.365000E-01   4.50677837E-46
  1.380000E-01   7.27370577E-46
  1.396000E-01   1.18673683E-45
  1.412000E-01   1.90784522E-45
  1.429000E-01   3.10914820E-45
  1.445000E-01   4.84797121E-45
  1.462000E-01   7.64444623E-45
  1.479000E-01   1.18655011E-44
  1.496000E-01   1.81759325E-44
  1.514000E-01   2.81275326E-44
  1.531000E-01   4.18647742E-44
  1.549000E-01   6.27769790E-44
  1.567000E-01   9.32886357E-44
  1.585000E-01   1.37090381E-43
  1.603000E-01   1.99156930E-43
  1.622000E-01   2.91984303E-43
  1.641000E-01   4.22816805E-43
  1.660000E-01   6.09933906E-43
  1.679000E-01   8.82459273E-43
  1.698000E-01   1.26773049E-42
  1.718000E-01   1.84354365E-42
  1.738000E-01   2.66568491E-42
  1.758000E-01   3.83864056E-42
  1.778000E-01   5.46262594E-42
  1.799000E-01   7.73743018E-42
  1.820000E-01   1.08710576E-41
  1.841000E-01   1.51674156E-41
  1.862000E-01   2.10318583E-41
  1.884000E-01   2.94745619E-41
  1.905000E-01   4.05253648E-41
  1.928000E-01   5.87837945E-41
  1.950000E-01   8.38819646E-41
  1.972000E-01   1.19377834E-40
  1.995000E-01   1.72222836E-40
  2.018000E-01   2.47887630E-40
  2.042000E-01   3.61562048E-40
  2.065000E-01   5.17887934E-40
  2.089000E-01   7.35368582E-40
  2.113000E-01   1.03494532E-39
  2.138000E-01   1.46572085E-39
  2.163000E-01   2.05940543E-39
  2.188000E-01   2.87158479E-39
  2.213000E-01   3.97465105E-39
  2.239000E-01   5.53217211E-39
  2.265000E-01   7.64290743E-39
  2.291000E-01   1.04858324E-38
  2.317000E-01   1.42890290E-38
  2.344000E-01   1.95609399E-38
  2.371000E-01   2.65872657E-38
  2.399000E-01   3.62620168E-38
  2.427000E-01   4.90911286E-38
  2.455000E-01   6.60077555E-38
  2.483000E-01   8.81498919E-38
  2.512000E-01   1.18182658E-37
  2.541000E-01   1.57350338E-37
  2.570000E-01   2.08082462E-37
  2.600000E-01   2.75945400E-37
  2.630000E-01   3.63444637E-37
  2.661000E-01   4.79833804E-37
  2.691000E-01   6.23727834E-37
  2.723000E-01   8.19689201E-37
  2.754000E-01   1.06117198E-36
  2.786000E-01   1.37639996E-36
  2.818000E-01   1.77441877E-36
  2.851000E-01   2.29072866E-36
  2.884000E-01   2.93924463E-36
  2.917000E-01   3.74920562E-36
  2.951000E-01   4.78797726E-36
  2.985000E-01   6.08008721E-36
  3.020000E-01   7.72782956E-36
  3.055000E-01   9.76575279E-36
  3.090000E-01   1.22718322E-35
  3.126000E-01   1.54327841E-35
  3.162000E-01   1.93005869E-35
  3.199000E-01   2.41588587E-35
  3.236000E-01   3.00724688E-35
  3.273000E-01   3.72305446E-35
  3.311000E-01   4.61256153E-35
  3.350000E-01   5.71599635E-35
  3.388000E-01   7.00879529E-35
  3.428000E-01   8.64235344E-35
  3.467000E-01   1.05481100E-34
  3.507000E-01   1.28775027E-34
  3.548000E-01   1.57211161E-34
  3.589000E-01   1.90991677E-34
  3.631000E-01   2.32032164E-34
  3.673000E-01   2.80502801E-34
  3.715000E-01   3.37619758E-34
  3.758000E-01   4.06246206E-34
  3.802000E-01   4.88767242E-34
  3.846000E-01   5.85281215E-34
  3.891000E-01   7.00649439E-34
  3.936000E-01   8.35175746E-34
  3.981000E-01   9.91123165E-34
  4.027000E-01   1.17580671E-33
  4.074000E-01   1.39407732E-33
  4.121000E-01   1.64589412E-33
  4.169000E-01   1.94227081E-33
  4.217000E-01   2.28281722E-33
  4.266000E-01   2.68140243E-33
  4.315000E-01   3.13734723E-33
  4.365000E-01   3.66744350E-33
  4.416000E-01   4.28487220E-33
  4.467000E-01   4.98695103E-33
  4.519000E-01   5.79884294E-33
  4.571000E-01   6.71889232E-33
  4.624000E-01   7.77720301E-33
  4.677000E-01   8.97181051E-33
  4.732000E-01   1.03663885E-32
  4.786000E-01   1.19049448E-32
  4.842000E-01   1.36954265E-32
  4.898000E-01   1.56994093E-32
  4.954000E-01   1.79369600E-32
  5.012000E-01   2.05202052E-32
  5.070000E-01   2.34016905E-32
  5.129000E-01   2.66578367E-32
  5.188000E-01   3.02678291E-32
  5.248000E-01   3.43293237E-32
  5.309000E-01   3.88974476E-32
  5.370000E-01   4.39349359E-32
  5.433000E-01   4.96721418E-32
  5.495000E-01   5.58823689E-32
  5.559000E-01   6.29150573E-32
  5.623000E-01   7.06303258E-32
  5.688000E-01   7.92050792E-32
  5.754000E-01   8.87210829E-32
  5.821000E-01   9.92659528E-32
  5.888000E-01   1.10754538E-31
  5.957000E-01   1.23628829E-31
  6.026000E-01   1.37609619E-31
  6.095000E-01   1.52775797E-31
  6.166000E-01   1.69660387E-31
  6.237000E-01   1.87885195E-31
  6.310000E-01   2.08166318E-31
  6.383000E-01   2.29989898E-31
  6.457000E-01   2.53801997E-31
  6.531000E-01   2.79387453E-31
  6.607000E-01   3.07642437E-31
  6.683000E-01   3.37958650E-31
  6.761000E-01   3.71248972E-31
  6.839000E-01   4.06878914E-31
  6.918000E-01   4.45375719E-31
  6.998000E-01   4.86979795E-31
  7.079000E-01   5.31805196E-31
  7.161000E-01   5.80072326E-31
  7.244000E-01   6.32129619E-31
  7.328000E-01   6.87875303E-31
  7.413000E-01   7.47653259E-31
  7.499000E-01   8.11667466E-31
  7.586000E-01   8.80190216E-31
  7.674000E-01   9.53306404E-31
  7.763000E-01   1.03136847E-30
  7.852000E-01   1.11367460E-30
  7.943000E-01   1.20208739E-30
  8.035000E-01   1.29614835E-30
  8.128000E-01   1.39582508E-30
  8.222000E-01   1.50133968E-30
  8.318000E-01   1.61420224E-30
  8.414000E-01   1.73239650E-30
  8.511000E-01   1.85703086E-30
  8.610000E-01   1.98994053E-30
  8.710000E-01   2.12980459E-30
  8.810000E-01   2.27598262E-30
  8.913000E-01   2.43227522E-30
  9.016000E-01   2.59516961E-30
  9.120000E-01   2.76642948E-30
  9.226000E-01   2.94705133E-30
  9.333000E-01   3.13680101E-30
  9.441000E-01   3.33435336E-30
  9.550000E-01   3.54139420E-30
  9.661000E-01   3.75867994E-30
  9.772000E-01   3.98161592E-30
  9.886000E-01   4.21130390E-30
  1.000000E+00   4.45322998E-30
  1.012000E+00   4.74103602E-30
  1.023000E+00   5.01496796E-30
  1.035000E+00   5.32414722E-30
  1.047000E+00   5.64575630E-30
  1.059000E+00   5.97865832E-30
  1.071000E+00   6.32249674E-30
  1.084000E+00   6.70986116E-30
  1.097000E+00   7.11004396E-30
  1.109000E+00   7.49170964E-30
  1.122000E+00   7.91905153E-30
  1.135000E+00   8.36117825E-30
  1.148000E+00   8.81614030E-30
  1.161000E+00   9.28594766E-30
  1.175000E+00   9.80665543E-30
  1.189000E+00   1.03437591E-29
  1.202000E+00   1.08536991E-29
  1.216000E+00   1.14180743E-29
  1.230000E+00   1.19947932E-29
  1.245000E+00   1.26268788E-29
  1.259000E+00   1.32273911E-29
  1.273000E+00   1.38369435E-29
  1.288000E+00   1.45031622E-29
  1.303000E+00   1.51777675E-29
  1.318000E+00   1.58640676E-29
  1.334000E+00   1.66092164E-29
  1.349000E+00   1.73133262E-29
  1.365000E+00   1.80770140E-29
  1.380000E+00   1.87998680E-29
  1.396000E+00   1.95813561E-29
  1.413000E+00   2.04222755E-29
  1.429000E+00   2.12215478E-29
  1.445000E+00   2.20263783E-29
  1.462000E+00   2.28898442E-29
  1.479000E+00   2.37614573E-29
  1.496000E+00   2.46421756E-29
  1.514000E+00   2.55822043E-29
  1.531000E+00   2.64818287E-29
  1.549000E+00   2.74386123E-29
  1.567000E+00   2.83996617E-29
  1.585000E+00   2.93711485E-29
  1.603000E+00   3.03552845E-29
  1.622000E+00   3.13986847E-29
  1.641000E+00   3.24509467E-29
  1.660000E+00   3.35153159E-29
  1.679000E+00   3.45891018E-29
  1.698000E+00   3.56724802E-29
  1.718000E+00   3.68246924E-29
  1.738000E+00   3.79912987E-29
  1.758000E+00   3.91671204E-29
  1.778000E+00   4.03616734E-29
  1.799000E+00   4.16277287E-29
  1.820000E+00   4.29105868E-29
  1.841000E+00   4.42103379E-29
  1.862000E+00   4.55261184E-29
  1.884000E+00   4.69251261E-29
  1.906000E+00   4.83388413E-29
  1.928000E+00   4.97778635E-29
  1.950000E+00   5.12356186E-29
  1.972000E+00   5.27098809E-29
  1.995000E+00   5.42715782E-29
  2.018000E+00   5.58522933E-29
  2.042000E+00   5.75252990E-29
  2.065000E+00   5.91445310E-29
  2.089000E+00   6.08480420E-29
  2.114000E+00   6.26373629E-29
  2.138000E+00   6.43601117E-29
  2.163000E+00   6.61696053E-29
  2.188000E+00   6.79680407E-29
  2.213000E+00   6.97842954E-29
  2.239000E+00   7.16587849E-29
  2.265000E+00   7.35389890E-29
  2.291000E+00   7.54214099E-29
  2.317000E+00   7.73003500E-29
  2.344000E+00   7.92372828E-29
  2.371000E+00   8.12416754E-29
  2.399000E+00   8.33023180E-29
  2.427000E+00   8.53515755E-29
  2.455000E+00   8.73805345E-29
  2.483000E+00   8.93947848E-29
  2.512000E+00   9.15477967E-29
  2.541000E+00   9.36743173E-29
  2.570000E+00   9.57795209E-29
  2.600000E+00   9.80291546E-29
  2.630000E+00   1.00249273E-28
  2.661000E+00   1.02612997E-28
  2.691000E+00   1.04785799E-28
  2.723000E+00   1.07260697E-28
  2.754000E+00   1.09543038E-28
  2.786000E+00   1.11958341E-28
  2.818000E+00   1.14437335E-28
  2.851000E+00   1.16950001E-28
  2.884000E+00   1.19533162E-28
  2.917000E+00   1.22074163E-28
  2.951000E+00   1.24743141E-28
  2.985000E+00   1.27376380E-28
  3.020000E+00   1.30124400E-28
  3.055000E+00   1.32738874E-28
  3.090000E+00   1.35208450E-28
  3.126000E+00   1.37707701E-28
  3.162000E+00   1.39974015E-28
  3.199000E+00   1.42267238E-28
  3.236000E+00   1.44443472E-28
  3.273000E+00   1.46522552E-28
  3.311000E+00   1.48938827E-28
  3.350000E+00   1.54732777E-28
  3.388000E+00   1.64646941E-28
  3.428000E+00   1.66374826E-28
  3.467000E+00   1.67700400E-28
  3.507000E+00   1.65396909E-28
  3.548000E+00   1.64252034E-28
  3.589000E+00   1.61528330E-28
  3.631000E+00   1.61219435E-28
  3.673000E+00   1.62474749E-28
  3.715000E+00   1.63822719E-28
  3.758000E+00   1.65123204E-28
  3.802000E+00   1.66511607E-28
  3.846000E+00   1.67939960E-28
  3.891000E+00   1.69276173E-28
  3.935000E+00   1.70627696E-28
  3.981000E+00   1.72098288E-28
  4.027000E+00   1.73526370E-28
  4.074000E+00   1.74954105E-28
  4.121000E+00   1.76434521E-28
  4.169000E+00   1.77901146E-28
  4.217000E+00   1.79421381E-28
  4.266000E+00   1.81026280E-28
  4.315000E+00   1.82584776E-28
  4.365000E+00   1.84240499E-28
  4.416000E+00   1.85868840E-28
  4.467000E+00   1.87558616E-28
  4.519000E+00   1.89318315E-28
  4.571000E+00   1.91040982E-28
  4.624000E+00   1.92845342E-28
  4.677000E+00   1.94584272E-28
  4.732000E+00   1.96435720E-28
  4.786000E+00   1.98202826E-28
  4.842000E+00   1.99983968E-28
  4.898000E+00   2.01803511E-28
  4.955000E+00   2.03589370E-28
  5.012000E+00   2.05323464E-28
  5.070000E+00   2.07032861E-28
  5.129000E+00   2.08732262E-28
  5.188000E+00   2.10367526E-28
  5.248000E+00   2.11975903E-28
  5.309000E+00   2.13574333E-28
  5.370000E+00   2.15104845E-28
  5.432000E+00   2.16626878E-28
  5.495000E+00   2.18217635E-28
  5.559000E+00   2.19702679E-28
  5.623000E+00   2.21121474E-28
  5.688000E+00   2.22546389E-28
  5.754000E+00   2.23930070E-28
  5.821000E+00   2.25209349E-28
  5.888000E+00   2.26552098E-28
  5.957000E+00   2.27885745E-28
  6.026000E+00   2.29192328E-28
  6.095000E+00   2.30364185E-28
  6.166000E+00   2.31652201E-28
  6.237000E+00   2.32807172E-28
  6.310000E+00   2.33968383E-28
  6.383000E+00   2.35125223E-28
  6.457000E+00   2.36274762E-28
  6.531000E+00   2.37312858E-28
  6.607000E+00   2.38395588E-28
  6.683000E+00   2.39405278E-28
  6.761000E+00   2.40725691E-28
  6.839000E+00   2.46669203E-28
  6.918000E+00   2.43405432E-28
  6.998000E+00   2.43373434E-28
  7.080000E+00   2.44242076E-28
  7.161000E+00   2.45173177E-28
  7.244000E+00   2.46066752E-28
  7.328000E+00   2.46841072E-28
  7.413000E+00   2.47692132E-28
  7.499000E+00   2.48550500E-28
  7.586000E+00   2.49259078E-28
  7.674000E+00   2.50051328E-28
  7.762000E+00   2.50066788E-28
  7.852000E+00   2.51178480E-28
  7.943000E+00   2.54621178E-28
  8.035000E+00   2.60813626E-28
  8.128000E+00   2.69723122E-28
  8.222000E+00   2.82066521E-28
  8.318000E+00   3.01543457E-28
  8.414000E+00   3.19679484E-28
  8.511000E+00   3.36878145E-28
  8.610000E+00   3.47086935E-28
  8.710000E+00   3.65618508E-28
  8.811000E+00   4.01351467E-28
  8.913000E+00   4.37844430E-28
  9.016000E+00   4.71780222E-28
  9.120000E+00   5.08533810E-28
  9.226000E+00   5.47069984E-28
  9.333000E+00   5.82463884E-28
  9.441000E+00   6.10902974E-28
  9.550000E+00   6.31738652E-28
  9.660000E+00   6.45058249E-28
  9.772000E+00   6.51187823E-28
  9.885000E+00   6.50002989E-28
  1.000000E+01   6.41798342E-28
  1.012000E+01   6.26665741E-28
  1.023000E+01   6.09350971E-28
  1.035000E+01   5.89753238E-28
  1.047000E+01   5.71105716E-28
  1.059000E+01   5.53342657E-28
  1.072000E+01   5.34903923E-28
  1.084000E+01   5.18296800E-28
  1.097000E+01   5.00083963E-28
  1.109000E+01   4.82656171E-28
  1.122000E+01   4.62371158E-28
  1.135000E+01   4.40520060E-28
  1.148000E+01   4.21407818E-28
  1.161000E+01   4.04637405E-28
  1.175000E+01   3.88056135E-28
  1.189000E+01   3.71763207E-28
  1.202000E+01   3.56269895E-28
  1.216000E+01   3.40025313E-28
  1.230000E+01   3.25608444E-28
  1.244000E+01   3.14344017E-28
  1.259000E+01   3.07250060E-28
  1.273000E+01   3.05124090E-28
  1.288000E+01   3.05432002E-28
  1.303000E+01   3.04916911E-28
  1.318000E+01   3.05111755E-28
  1.334000E+01   3.05441525E-28
  1.349000E+01   3.05737247E-28
  1.365000E+01   3.06444196E-28
  1.380000E+01   3.07540642E-28
  1.396000E+01   3.09327574E-28
  1.412000E+01   3.11819673E-28
  1.429000E+01   3.15281117E-28
  1.445000E+01   3.19454888E-28
  1.462000E+01   3.24969569E-28
  1.479000E+01   3.31749635E-28
  1.496000E+01   3.39820012E-28
  1.514000E+01   3.49572129E-28
  1.531000E+01   3.59829210E-28
  1.549000E+01   3.71667998E-28
  1.567000E+01   3.84249358E-28
  1.585000E+01   3.97349429E-28
  1.603000E+01   4.10881170E-28
  1.622000E+01   4.25288462E-28
  1.641000E+01   4.39627965E-28
  1.660000E+01   4.53582516E-28
  1.679000E+01   4.66931320E-28
  1.698000E+01   4.79354228E-28
  1.718000E+01   4.91312231E-28
  1.738000E+01   5.02103820E-28
  1.758000E+01   5.11779750E-28
  1.778000E+01   5.20266946E-28
  1.799000E+01   5.27988505E-28
  1.820000E+01   5.34502856E-28
  1.841000E+01   5.39706358E-28
  1.862000E+01   5.43723818E-28
  1.884000E+01   5.46584579E-28
  1.906000E+01   5.48132985E-28
  1.927000E+01   5.48974888E-28
  1.950000E+01   5.48914524E-28
  1.972000E+01   5.48543283E-28
  1.995000E+01   5.48025085E-28
  2.018000E+01   5.49433729E-28
  2.042000E+01   5.51748507E-28
  2.065000E+01   5.55001477E-28
  2.089000E+01   5.59512693E-28
  2.114000E+01   5.65183396E-28
  2.138000E+01   5.71018124E-28
  2.163000E+01   5.77662688E-28
  2.188000E+01   5.84651636E-28
  2.213000E+01   5.91501110E-28
  2.239000E+01   5.98310147E-28
  2.265000E+01   6.05527074E-28
  2.291000E+01   6.12704645E-28
  2.317000E+01   6.19872658E-28
  2.344000E+01   6.28868707E-28
  2.371000E+01   6.38447254E-28
  2.399000E+01   6.49814576E-28
  2.427000E+01   6.62402022E-28
  2.455000E+01   6.76511557E-28
  2.483000E+01   6.91612774E-28
  2.512000E+01   7.08629067E-28
  2.541000E+01   7.27614177E-28
  2.570000E+01   7.48062318E-28
  2.600000E+01   7.70452472E-28
  2.630000E+01   7.94453023E-28
  2.661000E+01   8.21009584E-28
  2.692000E+01   8.49935161E-28
  2.723000E+01   8.79763463E-28
  2.754000E+01   9.12040498E-28
  2.786000E+01   9.46990134E-28
  2.818000E+01   9.83992598E-28
  2.851000E+01   1.02433603E-27
  2.884000E+01   1.06695983E-27
  2.917000E+01   1.11221533E-27
  2.951000E+01   1.16049414E-27
  2.985000E+01   1.21215571E-27
  3.020000E+01   1.26806060E-27
  3.055000E+01   1.32621488E-27
  3.090000E+01   1.38723167E-27
  3.126000E+01   1.45299294E-27
  3.162000E+01   1.52226971E-27
  3.199000E+01   1.59681283E-27
  3.236000E+01   1.67359260E-27
  3.273000E+01   1.75503630E-27
  3.311000E+01   1.84369994E-27
  3.350000E+01   1.93650030E-27
  3.388000E+01   2.03075846E-27
  3.428000E+01   2.13573912E-27
  3.467000E+01   2.24248495E-27
  3.508000E+01   2.35830162E-27
  3.548000E+01   2.47716465E-27
  3.589000E+01   2.60454673E-27
  3.631000E+01   2.74046750E-27
  3.673000E+01   2.87986096E-27
  3.715000E+01   3.02758342E-27
  3.758000E+01   3.18429784E-27
  3.802000E+01   3.34936950E-27
  3.846000E+01   3.52346751E-27
  3.890000E+01   3.70457750E-27
  3.935000E+01   3.89715837E-27
  3.981000E+01   4.10189623E-27
  4.027000E+01   4.31797643E-27
  4.074000E+01   4.54195760E-27
  4.121000E+01   4.78084207E-27
  4.169000E+01   5.03515676E-27
  4.217000E+01   5.29640668E-27
  4.266000E+01   5.57402343E-27
  4.315000E+01   5.86657041E-27
  4.365000E+01   6.17749157E-27
  4.416000E+01   6.50784281E-27
  4.467000E+01   6.85675489E-27
  4.519000E+01   7.21776647E-27
  4.571000E+01   7.60343959E-27
  4.624000E+01   8.01350242E-27
  4.677000E+01   8.44073760E-27
  4.731000E+01   8.89437574E-27
  4.786000E+01   9.37596772E-27
  4.842000E+01   9.88021526E-27
  4.898000E+01   1.04272367E-26
  4.954000E+01   1.09823713E-26
  5.012000E+01   1.15837846E-26
  5.070000E+01   1.22189230E-26
  5.129000E+01   1.28911758E-26
  5.188000E+01   1.35925757E-26
  5.248000E+01   1.43339038E-26
  5.309000E+01   1.51198813E-26
  5.370000E+01   1.59465695E-26
  5.433000E+01   1.68361607E-26
  5.495000E+01   1.77453352E-26
  5.559000E+01   1.87218136E-26
  5.623000E+01   1.97357521E-26
  5.688000E+01   2.08159243E-26
  5.754000E+01   2.19430476E-26
  5.821000E+01   2.31417230E-26
  5.888000E+01   2.43852827E-26
  5.957000E+01   2.57102729E-26
  6.026000E+01   2.70976883E-26
  6.095000E+01   2.85152844E-26
  6.166000E+01   3.00395449E-26
  6.237000E+01   3.15896407E-26
  6.310000E+01   3.32557279E-26
  6.383000E+01   3.49691408E-26
  6.457000E+01   3.67822871E-26
  6.531000E+01   3.86171899E-26
  6.607000E+01   4.05795109E-26
  6.683000E+01   4.25609911E-26
  6.761000E+01   4.46738354E-26
  6.839000E+01   4.68321077E-26
  6.918000E+01   4.90661488E-26
  6.998000E+01   5.13695790E-26
  7.079000E+01   5.37471507E-26
  7.161000E+01   5.62359190E-26
  7.244000E+01   5.87520393E-26
  7.328000E+01   6.13785281E-26
  7.413000E+01   6.40672156E-26
  7.499000E+01   6.67777813E-26
  7.586000E+01   6.95961155E-26
  7.674000E+01   7.24755009E-26
  7.762000E+01   7.54184989E-26
  7.852000E+01   7.83901434E-26
  7.943000E+01   8.14213457E-26
  8.035000E+01   8.45428595E-26
  8.128000E+01   8.76374519E-26
  8.222000E+01   9.08399355E-26
  8.318000E+01   9.40353224E-26
  8.414000E+01   9.72846477E-26
  8.511000E+01   1.00542722E-25
  8.610000E+01   1.03850356E-25
  8.710000E+01   1.07172115E-25
  8.811000E+01   1.10479314E-25
  8.912000E+01   1.13768405E-25
  9.016000E+01   1.17177656E-25
  9.120000E+01   1.20445504E-25
  9.226000E+01   1.23724915E-25
  9.332000E+01   1.27028251E-25
  9.441000E+01   1.30278886E-25
  9.550000E+01   1.33526101E-25
  9.661000E+01   1.36757411E-25
  9.772000E+01   1.39823199E-25
  9.886000E+01   1.42956203E-25
  1.000000E+02   1.45999292E-25
  1.012000E+02   1.49089293E-25
  1.023000E+02   1.51826167E-25
  1.035000E+02   1.54705428E-25
  1.047000E+02   1.57444543E-25
  1.059000E+02   1.60097760E-25
  1.072000E+02   1.62806634E-25
  1.084000E+02   1.65186431E-25
  1.097000E+02   1.67722283E-25
  1.109000E+02   1.69860514E-25
  1.122000E+02   1.72010160E-25
  1.135000E+02   1.74025736E-25
  1.148000E+02   1.76027357E-25
  1.161000E+02   1.77763303E-25
  1.175000E+02   1.79585046E-25
  1.188000E+02   1.81068277E-25
  1.202000E+02   1.82574620E-25
  1.216000E+02   1.83812090E-25
  1.230000E+02   1.85058847E-25
  1.244000E+02   1.86106769E-25
  1.259000E+02   1.87003568E-25
  1.273000E+02   1.87784420E-25
  1.288000E+02   1.88456609E-25
  1.303000E+02   1.88995751E-25
  1.318000E+02   1.89289357E-25
  1.334000E+02   1.89545869E-25
  1.349000E+02   1.89671956E-25
  1.365000E+02   1.89649093E-25
  1.380000E+02   1.89503985E-25
  1.396000E+02   1.89208518E-25
  1.412000E+02   1.88807682E-25
  1.429000E+02   1.88233204E-25
  1.445000E+02   1.87588324E-25
  1.462000E+02   1.86767924E-25
  1.479000E+02   1.85857187E-25
  1.496000E+02   1.84815418E-25
  1.514000E+02   1.83632569E-25
  1.531000E+02   1.82395311E-25
  1.549000E+02   1.81023435E-25
  1.567000E+02   1.79536968E-25
  1.585000E+02   1.77992194E-25
  1.603000E+02   1.76472506E-25
  1.622000E+02   1.74649739E-25
  1.641000E+02   1.72784499E-25
  1.660000E+02   1.70885141E-25
  1.679000E+02   1.68861234E-25
  1.698000E+02   1.66972953E-25
  1.718000E+02   1.64757558E-25
  1.738000E+02   1.62527927E-25
  1.758000E+02   1.60289169E-25
  1.778000E+02   1.58109926E-25
  1.799000E+02   1.55668838E-25
  1.820000E+02   1.53235636E-25
  1.841000E+02   1.50861770E-25
  1.862000E+02   1.48369256E-25
  1.884000E+02   1.45781442E-25
  1.906000E+02   1.43256879E-25
  1.928000E+02   1.40694213E-25
  1.950000E+02   1.38108490E-25
  1.972000E+02   1.35609853E-25
  1.995000E+02   1.32948638E-25
  2.018000E+02   1.30293632E-25
  2.042000E+02   1.27615635E-25
  2.065000E+02   1.25015959E-25
  2.089000E+02   1.22407072E-25
  2.114000E+02   1.19626825E-25
  2.138000E+02   1.17093233E-25
  2.163000E+02   1.14403048E-25
  2.188000E+02   1.11739048E-25
  2.213000E+02   1.09221477E-25
  2.239000E+02   1.06561506E-25
  2.265000E+02   1.04008646E-25
  2.291000E+02   1.01463138E-25
  2.317000E+02   9.90241333E-26
  2.344000E+02   9.64646738E-26
  2.371000E+02   9.40147142E-26
  2.399000E+02   9.14963450E-26
  2.427000E+02   8.90880546E-26
  2.455000E+02   8.67009833E-26
  2.483000E+02   8.43884780E-26
  2.512000E+02   8.20237462E-26
  2.541000E+02   7.97658571E-26
  2.570000E+02   7.75394687E-26
  2.600000E+02   7.53114280E-26
  2.630000E+02   7.31200989E-26
  2.661000E+02   7.09641980E-26
  2.691000E+02   6.89175880E-26
  2.723000E+02   6.68035397E-26
  2.754000E+02   6.48431614E-26
  2.786000E+02   6.28319981E-26
  2.818000E+02   6.09487383E-26
  2.851000E+02   5.90214933E-26
  2.884000E+02   5.71636246E-26
  2.917000E+02   5.53503602E-26
  2.951000E+02   5.36035504E-26
  2.985000E+02   5.18515535E-26
  3.020000E+02   5.01638530E-26
  3.055000E+02   4.85308821E-26
  3.090000E+02   4.69206321E-26
  3.126000E+02   4.53739575E-26
  3.162000E+02   4.38271085E-26
  3.199000E+02   4.23443358E-26
  3.236000E+02   4.08850837E-26
  3.273000E+02   3.95044018E-26
  3.311000E+02   3.81559970E-26
  3.350000E+02   3.67967715E-26
  3.388000E+02   3.55272109E-26
  3.428000E+02   3.42347262E-26
  3.467000E+02   3.30623709E-26
  3.508000E+02   3.18577373E-26
  3.548000E+02   3.07233362E-26
  3.589000E+02   2.96086904E-26
  3.631000E+02   2.85089154E-26
  3.673000E+02   2.74713797E-26
  3.715000E+02   2.64899975E-26
  3.758000E+02   2.54920361E-26
  3.802000E+02   2.45444444E-26
  3.846000E+02   2.36054207E-26
  3.890000E+02   2.27337482E-26
  3.935000E+02   2.18788087E-26
  3.981000E+02   2.10399028E-26
  4.027000E+02   2.02376216E-26
  4.074000E+02   1.94515825E-26
  4.121000E+02   1.87120796E-26
  4.169000E+02   1.79777378E-26
  4.217000E+02   1.72739690E-26
  4.266000E+02   1.66091445E-26
  4.315000E+02   1.59629475E-26
  4.365000E+02   1.53218759E-26
  4.416000E+02   1.47176380E-26
  4.467000E+02   1.41300627E-26
  4.519000E+02   1.35675169E-26
  4.571000E+02   1.30303657E-26
  4.624000E+02   1.24991895E-26
  4.677000E+02   1.20001228E-26
  4.731000E+02   1.15226225E-26
  4.786000E+02   1.10434318E-26
  4.842000E+02   1.05932568E-26
  4.898000E+02   1.01570606E-26
  4.955000E+02   9.74067588E-27
  5.012000E+02   9.34359397E-27
  5.070000E+02   8.95245276E-27
  5.129000E+02   8.57950474E-27
  5.188000E+02   8.23036056E-27
  5.248000E+02   7.88068726E-27
  5.309000E+02   7.55344115E-27
  5.370000E+02   7.24175579E-27
  5.432000E+02   6.93541139E-27
  5.495000E+02   6.64382510E-27
  5.559000E+02   6.35774804E-27
  5.623000E+02   6.08985139E-27
  5.688000E+02   5.83569482E-27
  5.754000E+02   5.58190064E-27
  5.821000E+02   5.34515228E-27
  5.888000E+02   5.11589101E-27
  5.957000E+02   4.89232501E-27
  6.026000E+02   4.68322307E-27
  6.095000E+02   4.48449757E-27
  6.166000E+02   4.28726131E-27
  6.237000E+02   4.10280935E-27
  6.310000E+02   3.92285210E-27
  6.383000E+02   3.75247729E-27
  6.457000E+02   3.58814824E-27
  6.531000E+02   3.43489528E-27
  6.607000E+02   3.28047393E-27
  6.683000E+02   3.13886359E-27
  6.761000E+02   2.99888760E-27
  6.839000E+02   2.86816480E-27
  6.918000E+02   2.74252266E-27
  6.998000E+02   2.62005845E-27
  7.080000E+02   2.50290630E-27
  7.161000E+02   2.39307304E-27
  7.244000E+02   2.28698779E-27
  7.328000E+02   2.18468052E-27
  7.413000E+02   2.08855032E-27
  7.499000E+02   1.99313068E-27
  7.586000E+02   1.90481382E-27
  7.674000E+02   1.82018719E-27
  7.762000E+02   1.73884140E-27
  7.852000E+02   1.65954029E-27
  7.943000E+02   1.58520158E-27
  8.035000E+02   1.51299843E-27
  8.128000E+02   1.44577282E-27
  8.222000E+02   1.38070662E-27
  8.318000E+02   1.31719013E-27
  8.414000E+02   1.25806527E-27
  8.511000E+02   1.20150489E-27
  8.610000E+02   1.14608898E-27
  8.710000E+02   1.09412925E-27
  8.810000E+02   1.04494332E-27
  8.912000E+02   9.96893584E-28
  9.016000E+02   9.51229103E-28
  9.120000E+02   9.08213131E-28
  9.226000E+02   8.66071408E-28
  9.333000E+02   8.26594555E-28
  9.441000E+02   7.88888928E-28
  9.550000E+02   7.52503301E-28
  9.660000E+02   7.18258252E-28
  9.772000E+02   6.85362047E-28
  9.885000E+02   6.53608435E-28
  1.000000E+03   6.23501516E-28
  1.012000E+03   5.93813385E-28
  1.023000E+03   5.67850599E-28
  1.035000E+03   5.41427205E-28
  1.047000E+03   5.16460523E-28
  1.059000E+03   4.92636023E-28
  1.072000E+03   4.68590016E-28
  1.084000E+03   4.47649859E-28
  1.096000E+03   4.27619184E-28
  1.109000E+03   4.07386238E-28
  1.122000E+03   3.88337784E-28
  1.135000E+03   3.70148218E-28
  1.148000E+03   3.53201573E-28
  1.161000E+03   3.37177869E-28
  1.175000E+03   3.20710708E-28
  1.188000E+03   3.06467889E-28
  1.202000E+03   2.92003263E-28
  1.216000E+03   2.78199092E-28
  1.230000E+03   2.65347824E-28
  1.244000E+03   2.53202397E-28
  1.259000E+03   2.40795941E-28
  1.274000E+03   2.29264007E-28
  1.288000E+03   2.19121222E-28
  1.303000E+03   2.08706915E-28
  1.318000E+03   1.99039398E-28
  1.334000E+03   1.89338954E-28
  1.349000E+03   1.80616907E-28
  1.365000E+03   1.71985252E-28
  1.380000E+03   1.64357910E-28
  1.396000E+03   1.56564112E-28
  1.412000E+03   1.49312455E-28
  1.429000E+03   1.42061771E-28
  1.445000E+03   1.35534849E-28
  1.462000E+03   1.29096734E-28
  1.479000E+03   1.23026137E-28
  1.496000E+03   1.17234451E-28
  1.514000E+03   1.11534126E-28
  1.531000E+03   1.06456154E-28
  1.549000E+03   1.01326364E-28
  1.567000E+03   9.65561345E-29
  1.585000E+03   9.20682036E-29
  1.603000E+03   8.77590977E-29
  1.622000E+03   8.35531860E-29
  1.641000E+03   7.95792583E-29
  1.660000E+03   7.57909111E-29
  1.679000E+03   7.22765809E-29
  1.698000E+03   6.89577801E-29
  1.718000E+03   6.56175724E-29
  1.738000E+03   6.25124043E-29
  1.758000E+03   5.95923187E-29
  1.778000E+03   5.67979356E-29
  1.799000E+03   5.40780155E-29
  1.820000E+03   5.15146585E-29
  1.841000E+03   4.90650275E-29
  1.862000E+03   4.67922646E-29
  1.884000E+03   4.45466745E-29
  1.906000E+03   4.24032145E-29
  1.928000E+03   4.04157213E-29
  1.950000E+03   3.85401887E-29
  1.972000E+03   3.67446391E-29
  1.995000E+03   3.50046275E-29
  2.018000E+03   3.33153145E-29
  2.042000E+03   3.16728790E-29
  2.065000E+03   3.01895252E-29
  2.089000E+03   2.87156953E-29
  2.114000E+03   2.72860771E-29
  2.138000E+03   2.59977182E-29
  2.163000E+03   2.47164104E-29
  2.188000E+03   2.35260109E-29
  2.213000E+03   2.24041650E-29
  2.239000E+03   2.12909358E-29
  2.265000E+03   2.02604566E-29
  2.291000E+03   1.92891444E-29
  2.317000E+03   1.83622440E-29
  2.344000E+03   1.74673345E-29
  2.371000E+03   1.66246023E-29
  2.399000E+03   1.57940159E-29
  2.427000E+03   1.50229449E-29
  2.455000E+03   1.42969565E-29
  2.483000E+03   1.36038336E-29
  2.512000E+03   1.29369916E-29
  2.541000E+03   1.23092861E-29
  2.570000E+03   1.17120858E-29
  2.600000E+03   1.11383838E-29
  2.630000E+03   1.05982342E-29
  2.661000E+03   1.00663049E-29
  2.692000E+03   9.57250595E-30
  2.723000E+03   9.10929816E-30
  2.754000E+03   8.66721344E-30
  2.786000E+03   8.24312903E-30
  2.818000E+03   7.84395708E-30
  2.851000E+03   7.45646643E-30
  2.884000E+03   7.08721784E-30
  2.917000E+03   6.74545160E-30
  2.951000E+03   6.41394289E-30
  2.985000E+03   6.09783942E-30
  3.020000E+03   5.79579117E-30
  3.055000E+03   5.51162568E-30
  3.090000E+03   5.24411979E-30
  3.126000E+03   4.98280428E-30
  3.162000E+03   4.74015492E-30
  3.199000E+03   4.50551240E-30
  3.236000E+03   4.28188323E-30
  3.273000E+03   4.07420523E-30
  3.311000E+03   3.87343123E-30
  3.350000E+03   3.68025418E-30
  3.388000E+03   3.50108196E-30
  3.428000E+03   3.32524327E-30
  3.467000E+03   3.16454917E-30
  3.508000E+03   3.00422279E-30
  3.548000E+03   2.85846590E-30
  3.589000E+03   2.71839031E-30
  3.631000E+03   2.58287419E-30
  3.673000E+03   2.45429757E-30
  3.715000E+03   2.33489153E-30
  3.758000E+03   2.21984955E-30
  3.802000E+03   2.10915705E-30
  3.846000E+03   2.00414003E-30
  3.890000E+03   1.90623640E-30
  3.936000E+03   1.81037840E-30
  3.981000E+03   1.72218623E-30
  4.027000E+03   1.63625488E-30
  4.074000E+03   1.55478972E-30
  4.121000E+03   1.47817083E-30
  4.169000E+03   1.40490189E-30
  4.217000E+03   1.33508028E-30
  4.266000E+03   1.26865179E-30
  4.315000E+03   1.20644276E-30
  4.365000E+03   1.14672409E-30
  4.416000E+03   1.08872332E-30
  4.467000E+03   1.03515104E-30
  4.519000E+03   9.83541897E-31
  4.571000E+03   9.35228792E-31
  4.624000E+03   8.88108185E-31
  4.677000E+03   8.44566734E-31
  4.732000E+03   8.02092391E-31
  4.786000E+03   7.62860789E-31
  4.842000E+03   7.24298338E-31
  4.898000E+03   6.88352209E-31
  4.954000E+03   6.54699545E-31
  5.012000E+03   6.21768113E-31
  5.070000E+03   5.90949121E-31
  5.129000E+03   5.61118136E-31
  5.188000E+03   5.33424475E-31
  5.248000E+03   5.06937934E-31
  5.309000E+03   4.81745230E-31
  5.370000E+03   4.57631155E-31
  5.432000E+03   4.34998368E-31
  5.495000E+03   4.13373707E-31
  5.559000E+03   3.92620176E-31
  5.623000E+03   3.73208058E-31
  5.688000E+03   3.54430905E-31
  5.754000E+03   3.36831650E-31
  5.821000E+03   3.19951376E-31
  5.888000E+03   3.04081759E-31
  5.957000E+03   2.88607675E-31
  6.026000E+03   2.74255472E-31
  6.095000E+03   2.60756104E-31
  6.166000E+03   2.47695243E-31
  6.237000E+03   2.35417738E-31
  6.310000E+03   2.23404212E-31
  6.383000E+03   2.12260821E-31
  6.456000E+03   2.01839094E-31
  6.531000E+03   1.91714263E-31
  6.607000E+03   1.82125950E-31
  6.683000E+03   1.72996030E-31
  6.761000E+03   1.64304714E-31
  6.839000E+03   1.56136241E-31
  6.918000E+03   1.48357577E-31
  6.998000E+03   1.40952410E-31
  7.080000E+03   1.33731395E-31
  7.161000E+03   1.27152771E-31
  7.244000E+03   1.20776418E-31
  7.328000E+03   1.14746853E-31
  7.413000E+03   1.09012212E-31
  7.499000E+03   1.03489685E-31
  7.586000E+03   9.83084672E-32
  7.674000E+03   9.33830811E-32
  7.762000E+03   8.87528897E-32
  7.852000E+03   8.43009518E-32
  7.943000E+03   8.00964904E-32
  8.035000E+03   7.60257688E-32
  8.128000E+03   7.22329151E-32
  8.222000E+03   6.86292511E-32
  8.318000E+03   6.51704440E-32
  8.414000E+03   6.19205427E-32
  8.511000E+03   5.87946603E-32
  8.610000E+03   5.58356878E-32
  8.710000E+03   5.30277323E-32
  8.810000E+03   5.04046558E-32
  8.912000E+03   4.78735325E-32
  9.016000E+03   4.54641474E-32
  9.120000E+03   4.31714853E-32
  9.226000E+03   4.09903441E-32
  9.332000E+03   3.89536698E-32
  9.441000E+03   3.69857920E-32
  9.550000E+03   3.51365545E-32
  9.660000E+03   3.33940746E-32
  9.772000E+03   3.16941355E-32
  9.886000E+03   3.00899572E-32
  1.000000E+04   2.85925373E-32
  1.012000E+04   2.71037426E-32
  1.023000E+04   2.58278464E-32
  1.035000E+04   2.45185444E-32
  1.047000E+04   2.32730290E-32
  1.059000E+04   2.21100871E-32
  1.072000E+04   2.09419228E-32
  1.084000E+04   1.99250998E-32
  1.096000E+04   1.89665226E-32
  1.109000E+04   1.79902532E-32
  1.122000E+04   1.70690414E-32
  1.135000E+04   1.62087736E-32
  1.148000E+04   1.54060417E-32
  1.161000E+04   1.46452907E-32
  1.175000E+04   1.38818273E-32
  1.188000E+04   1.32156016E-32
  1.202000E+04   1.25324810E-32
  1.216000E+04   1.18993794E-32
  1.230000E+04   1.13044899E-32
  1.244000E+04   1.07451404E-32
  1.259000E+04   1.01865966E-32
  1.274000E+04   9.65897209E-33
  1.288000E+04   9.19031223E-33
  1.303000E+04   8.72712361E-33
  1.318000E+04   8.29228912E-33
  1.334000E+04   7.85414997E-33
  1.349000E+04   7.47060500E-33
  1.365000E+04   7.08652688E-33
  1.380000E+04   6.74814203E-33
  1.396000E+04   6.40406478E-33
  1.412000E+04   6.08495881E-33
  1.429000E+04   5.76670119E-33
  1.445000E+04   5.48739304E-33
  1.462000E+04   5.20653542E-33
  1.479000E+04   4.94262811E-33
  1.496000E+04   4.69381761E-33
  1.514000E+04   4.44926356E-33
  1.531000E+04   4.23082482E-33
  1.549000E+04   4.01518276E-33
  1.567000E+04   3.81272830E-33
  1.585000E+04   3.62252672E-33
  1.603000E+04   3.44362984E-33
  1.622000E+04   3.26409851E-33
  1.641000E+04   3.09773100E-33
  1.660000E+04   2.94169764E-33
  1.679000E+04   2.79606826E-33
  1.698000E+04   2.65797301E-33
  1.718000E+04   2.52146483E-33
  1.738000E+04   2.39424530E-33
  1.758000E+04   2.27347233E-33
  1.778000E+04   2.16030971E-33
  1.799000E+04   2.04962989E-33
  1.820000E+04   1.94576811E-33
  1.841000E+04   1.84823317E-33
  1.862000E+04   1.75657359E-33
  1.884000E+04   1.66518826E-33
  1.906000E+04   1.58053661E-33
  1.928000E+04   1.50114709E-33
  1.950000E+04   1.42641212E-33
  1.972000E+04   1.35616137E-33
  1.995000E+04   1.28772833E-33
  2.018000E+04   1.22207605E-33
  2.042000E+04   1.15916818E-33
  2.065000E+04   1.10199540E-33
  2.089000E+04   1.04643096E-33
  2.114000E+04   9.92163379E-34
  2.138000E+04   9.43201466E-34
  2.163000E+04   8.94678792E-34
  2.188000E+04   8.49292210E-34
  2.213000E+04   8.07044502E-34
  2.239000E+04   7.66163316E-34
  2.265000E+04   7.27427668E-34
  2.291000E+04   6.90544711E-34
  2.317000E+04   6.56319660E-34
  2.344000E+04   6.23275082E-34
  2.371000E+04   5.91896729E-34
  2.399000E+04   5.61355516E-34
  2.427000E+04   5.32636876E-34
  2.455000E+04   5.06007730E-34
  2.483000E+04   4.80700336E-34
  2.512000E+04   4.56347343E-34
  2.541000E+04   4.33465531E-34
  2.570000E+04   4.11694469E-34
  2.600000E+04   3.90806845E-34
  2.630000E+04   3.71187031E-34
  2.661000E+04   3.51916530E-34
  2.692000E+04   3.34059409E-34
  2.723000E+04   3.17285907E-34
  2.754000E+04   3.01503054E-34
  2.786000E+04   2.86207808E-34
  2.818000E+04   2.72000747E-34
  2.851000E+04   2.57917255E-34
  2.884000E+04   2.45007302E-34
  2.917000E+04   2.32719171E-34
  2.951000E+04   2.20831913E-34
  2.985000E+04   2.09931007E-34
  3.020000E+04   1.97232021E-34
  3.055000E+04   1.75834593E-34
  3.090000E+04   1.47183490E-34
  3.126000E+04   1.18662828E-34
  3.162000E+04   9.51054023E-35
  3.199000E+04   7.66999157E-35
  3.236000E+04   6.29635982E-35
  3.273000E+04   5.26012105E-35
  3.311000E+04   4.45209085E-35
  3.350000E+04   3.81167770E-35
  3.388000E+04   3.31651346E-35
  3.428000E+04   2.89963920E-35
  3.467000E+04   2.56644303E-35
  3.508000E+04   2.27905023E-35
  3.548000E+04   2.04280410E-35
  3.589000E+04   1.83940258E-35
  3.631000E+04   1.65993296E-35
  3.673000E+04   1.50570631E-35
  3.715000E+04   1.37295016E-35
  3.758000E+04   1.25289545E-35
  3.802000E+04   1.14520254E-35
  3.846000E+04   1.05125644E-35
  3.890000E+04   9.67290880E-36
  3.936000E+04   8.89271902E-36
  3.981000E+04   8.20776708E-36
