# DL07 model SED (this work), mw31_60, Mathis ISRF U =  1.00
# silicate (D03) + carbonaceous (DL07 PAH Nc=470 + D03 graphite blend)
# PAH ionization computed via WD01b grain charging (pah_ionfrac)
# columns: lambda[um]  lamI_total/NH  lamI_sil/NH  lamI_carb/NH
#          [erg s^-1 cm^-2 sr^-1 H^-1]
  9.120000E-02   1.50559176E-40   1.50559169E-40   6.41345355E-48
  9.226000E-02   2.22378172E-40   2.22378159E-40   1.25212123E-47
  9.332000E-02   3.25131008E-40   3.25130984E-40   2.40893968E-47
  9.441000E-02   4.74376156E-40   4.74376109E-40   4.65109141E-47
  9.550000E-02   6.85463733E-40   6.85463645E-40   8.84882533E-47
  9.661000E-02   9.86548189E-40   9.86548021E-40   1.67839166E-46
  9.772000E-02   1.40685811E-39   1.40685779E-39   3.13807700E-46
  9.886000E-02   2.00538701E-39   2.00538642E-39   5.88139604E-46
  1.000000E-01   2.83294565E-39   2.83294456E-39   1.08668250E-45
  1.012000E-01   4.01912578E-39   4.01912376E-39   2.01660605E-45
  1.023000E-01   5.49319287E-39   5.49318935E-39   3.52110124E-45
  1.035000E-01   7.59883768E-39   7.59883131E-39   6.37089755E-45
  1.047000E-01   1.04038381E-38   1.04038268E-38   1.13546305E-44
  1.059000E-01   1.42509770E-38   1.42509571E-38   1.99454957E-44
  1.072000E-01   1.99127209E-38   1.99126848E-38   3.61471638E-44
  1.084000E-01   2.69559586E-38   2.69558969E-38   6.17125523E-44
  1.097000E-01   3.72030039E-38   3.72028954E-38   1.08567808E-43
  1.109000E-01   4.96903487E-38   4.96901682E-38   1.80519236E-43
  1.122000E-01   6.76780934E-38   6.76777843E-38   3.09020745E-43
  1.135000E-01   9.14398504E-38   9.14393285E-38   5.21869096E-43
  1.148000E-01   1.22551520E-37   1.22550650E-37   8.69877472E-43
  1.161000E-01   1.63413265E-37   1.63411833E-37   1.43202163E-42
  1.175000E-01   2.20917035E-37   2.20914618E-37   2.41679399E-42
  1.189000E-01   2.96572198E-37   2.96568173E-37   4.02452842E-42
  1.202000E-01   3.87316597E-37   3.87310209E-37   6.38808629E-42
  1.216000E-01   5.12466951E-37   5.12456569E-37   1.03821653E-41
  1.230000E-01   6.73906665E-37   6.73889989E-37   1.66758056E-41
  1.244000E-01   8.79771882E-37   8.79745400E-37   2.64823031E-41
  1.259000E-01   1.16241020E-36   1.16236725E-36   4.29490012E-41
  1.274000E-01   1.52472736E-36   1.52465853E-36   6.88318748E-41
  1.288000E-01   1.95113001E-36   1.95102420E-36   1.05810818E-40
  1.303000E-01   2.52352449E-36   2.52336068E-36   1.63807287E-40
  1.318000E-01   3.24257839E-36   3.24232272E-36   2.55669071E-40
  1.333000E-01   4.13866375E-36   4.13826830E-36   3.95447353E-40
  1.349000E-01   5.32749238E-36   5.32686866E-36   6.23724830E-40
  1.365000E-01   6.80739394E-36   6.80641938E-36   9.74559261E-40
  1.380000E-01   8.50549493E-36   8.50402612E-36   1.46881185E-39
  1.396000E-01   1.07070878E-35   1.07048315E-35   2.25621332E-39
  1.412000E-01   1.33565529E-35   1.33531156E-35   3.43731657E-39
  1.429000E-01   1.66390711E-35   1.66337409E-35   5.33022367E-39
  1.445000E-01   2.01047503E-35   2.00967576E-35   7.99273231E-39
  1.462000E-01   2.41819280E-35   2.41697319E-35   1.21960924E-38
  1.479000E-01   2.87519194E-35   2.87334534E-35   1.84660461E-38
  1.496000E-01   3.39079436E-35   3.38801917E-35   2.77518395E-38
  1.514000E-01   4.00534777E-35   4.00110895E-35   4.23882178E-38
  1.531000E-01   4.63063771E-35   4.62435830E-35   6.27940955E-38
  1.549000E-01   5.32437619E-35   5.31492410E-35   9.45209037E-38
  1.567000E-01   6.19072780E-35   6.17659957E-35   1.41282371E-37
  1.585000E-01   7.11037001E-35   7.08939433E-35   2.09756767E-37
  1.603000E-01   8.08385548E-35   8.05291430E-35   3.09411800E-37
  1.622000E-01   9.34463639E-35   9.29830924E-35   4.63271446E-37
  1.641000E-01   1.06473645E-34   1.05784572E-34   6.89072933E-37
  1.660000E-01   1.20739396E-34   1.19720891E-34   1.01850459E-36
  1.679000E-01   1.37765917E-34   1.36269473E-34   1.49644415E-36
  1.698000E-01   1.55160285E-34   1.52974246E-34   2.18603907E-36
  1.718000E-01   1.79234115E-34   1.75997194E-34   3.23692152E-36
  1.738000E-01   2.05697745E-34   2.00935944E-34   4.76180117E-36
  1.758000E-01   2.33579600E-34   2.26617098E-34   6.96250246E-36
  1.778000E-01   2.62279226E-34   2.52156408E-34   1.01228180E-35
  1.799000E-01   2.92398998E-34   2.77487741E-34   1.49112564E-35
  1.820000E-01   3.37454526E-34   3.15604719E-34   2.18498070E-35
  1.841000E-01   3.87988950E-34   3.56129383E-34   3.18595663E-35
  1.862000E-01   4.43687644E-34   3.97445159E-34   4.62424851E-35
  1.884000E-01   5.08142416E-34   4.40137183E-34   6.80052333E-35
  1.905000E-01   5.80841669E-34   4.82983682E-34   9.78579862E-35
  1.928000E-01   6.90141821E-34   5.45042592E-34   1.45099229E-34
  1.950000E-01   8.16221009E-34   6.05730524E-34   2.10490485E-34
  1.972000E-01   9.69890638E-34   6.66075198E-34   3.03815440E-34
  1.995000E-01   1.16966528E-33   7.26499317E-34   4.43165961E-34
  2.018000E-01   1.45134024E-33   8.09729805E-34   6.41610439E-34
  2.042000E-01   1.84296081E-33   9.08052237E-34   9.34908573E-34
  2.065000E-01   2.33112184E-33   1.00506534E-33   1.32605651E-33
  2.089000E-01   2.98989328E-33   1.10714499E-33   1.88274828E-33
  2.113000E-01   3.85557071E-33   1.22764532E-33   2.62792539E-33
  2.138000E-01   5.02026215E-33   1.37672017E-33   3.64354199E-33
  2.163000E-01   6.49331302E-33   1.55546587E-33   4.93784715E-33
  2.188000E-01   8.29323890E-33   1.75578396E-33   6.53745494E-33
  2.213000E-01   1.04547278E-32   1.99267205E-33   8.46205575E-33
  2.239000E-01   1.31176949E-32   2.28893073E-33   1.08287641E-32
  2.265000E-01   1.62289994E-32   2.63280069E-33   1.35961987E-32
  2.291000E-01   1.98472202E-32   3.03875687E-33   1.68084633E-32
  2.317000E-01   2.40349784E-32   3.50504678E-33   2.05299316E-32
  2.344000E-01   2.90884917E-32   4.05985366E-33   2.50286380E-32
  2.371000E-01   3.50011623E-32   4.70264288E-33   3.02985195E-32
  2.399000E-01   4.22086399E-32   5.46230257E-33   3.67463374E-32
  2.427000E-01   5.07480344E-32   6.34576274E-33   4.44022717E-32
  2.455000E-01   6.08593255E-32   7.34713440E-33   5.35121911E-32
  2.483000E-01   7.28422852E-32   8.47783180E-33   6.43644534E-32
  2.512000E-01   8.75720553E-32   9.77129438E-33   7.78007609E-32
  2.541000E-01   1.05080241E-31   1.11786835E-32   9.39015576E-32
  2.570000E-01   1.25916122E-31   1.27480665E-32   1.13168056E-31
  2.600000E-01   1.51602799E-31   1.45481406E-32   1.37054658E-31
  2.630000E-01   1.82244332E-31   1.65424564E-32   1.65701875E-31
  2.661000E-01   2.20049396E-31   1.88302981E-32   2.01219098E-31
  2.691000E-01   2.63619446E-31   2.12812758E-32   2.42338170E-31
  2.723000E-01   3.18992539E-31   2.41724169E-32   2.94820122E-31
  2.754000E-01   3.82892208E-31   2.72540658E-32   3.55638142E-31
  2.786000E-01   4.61248525E-31   3.07397626E-32   4.30508762E-31
  2.818000E-01   5.54296810E-31   3.45709435E-32   5.19725867E-31
  2.851000E-01   6.68201771E-31   3.89083805E-32   6.29293390E-31
  2.884000E-01   8.03347384E-31   4.36557652E-32   7.59691618E-31
  2.917000E-01   9.63152849E-31   4.88473507E-32   9.14305498E-31
  2.951000E-01   1.15771097E-30   5.46691094E-32   1.10304186E-30
  2.985000E-01   1.38739968E-30   6.10181024E-32   1.32638158E-30
  3.020000E-01   1.66628014E-30   6.81377653E-32   1.59814237E-30
  3.055000E-01   1.90098205E-30   7.58844019E-32   1.82509765E-30
  3.090000E-01   2.23581979E-30   8.42935989E-32   2.15152619E-30
  3.126000E-01   2.62850914E-30   9.36167378E-32   2.53489240E-30
  3.162000E-01   3.07423520E-30   1.03684834E-31   2.97055036E-30
  3.199000E-01   3.59143870E-30   1.14868598E-31   3.47657010E-30
  3.236000E-01   4.17150741E-30   1.26941874E-31   4.04456553E-30
  3.273000E-01   4.81578627E-30   1.39943835E-31   4.67584243E-30
  3.311000E-01   5.54287162E-30   1.54301438E-31   5.38857019E-30
  3.350000E-01   6.35130126E-30   1.70152802E-31   6.18114846E-30
  3.388000E-01   7.18576407E-30   1.86732837E-31   6.99903124E-30
  3.428000E-01   8.08782286E-30   2.05447815E-31   7.88237505E-30
  3.467000E-01   8.95261041E-30   2.24921190E-31   8.72768922E-30
  3.507000E-01   9.77802060E-30   2.46228216E-31   9.53179238E-30
  3.548000E-01   1.05271280E-29   2.69556498E-31   1.02575715E-29
  3.589000E-01   1.12003249E-29   2.94447191E-31   1.09058777E-29
  3.631000E-01   1.19056808E-29   3.21622909E-31   1.15840579E-29
  3.673000E-01   1.27492186E-29   3.50522689E-31   1.23986959E-29
  3.715000E-01   1.38234691E-29   3.81202815E-31   1.34422663E-29
  3.758000E-01   1.52098231E-29   4.14541747E-31   1.47952813E-29
  3.802000E-01   1.69371940E-29   4.50737086E-31   1.64864569E-29
  3.846000E-01   1.89528961E-29   4.89027226E-31   1.84638688E-29
  3.891000E-01   2.12571726E-29   5.30447095E-31   2.07267255E-29
  3.936000E-01   2.37241958E-29   5.74242119E-31   2.31499537E-29
  3.981000E-01   2.62508416E-29   6.20472824E-31   2.56303688E-29
  4.027000E-01   2.87638139E-29   6.70141037E-31   2.80936729E-29
  4.074000E-01   3.10759748E-29   7.23492454E-31   3.03524823E-29
  4.121000E-01   3.28912673E-29   7.79642115E-31   3.21116252E-29
  4.169000E-01   3.39726608E-29   8.39933386E-31   3.31327274E-29
  4.217000E-01   3.41188806E-29   9.03259741E-31   3.32156209E-29
  4.266000E-01   3.34068622E-29   9.71092880E-31   3.24357693E-29
  4.315000E-01   3.22077871E-29   1.04220126E-30   3.11655859E-29
  4.365000E-01   3.09504738E-29   1.11821117E-30   2.98322626E-29
  4.416000E-01   2.99479938E-29   1.19926750E-30   2.87487263E-29
  4.467000E-01   2.93109511E-29   1.28374688E-30   2.80272042E-29
  4.519000E-01   2.89515622E-29   1.37370204E-30   2.75778602E-29
  4.571000E-01   2.87153036E-29   1.46755713E-30   2.72477465E-29
  4.624000E-01   2.84128404E-29   1.56727155E-30   2.68455688E-29
  4.677000E-01   2.79208900E-29   1.67111681E-30   2.62497732E-29
  4.732000E-01   2.72109602E-29   1.78328458E-30   2.54276756E-29
  4.786000E-01   2.64445085E-29   1.89780835E-30   2.45467002E-29
  4.842000E-01   2.57440772E-29   2.02120275E-30   2.37228745E-29
  4.898000E-01   2.52519109E-29   2.14919872E-30   2.31027122E-29
  4.954000E-01   2.49933537E-29   2.28186634E-30   2.27114874E-29
  5.012000E-01   2.49474289E-29   2.42427725E-30   2.25231517E-29
  5.070000E-01   2.50936839E-29   2.57179146E-30   2.25218924E-29
  5.129000E-01   2.54190846E-29   2.72709045E-30   2.26919941E-29
  5.188000E-01   2.59168818E-29   2.88767582E-30   2.30292060E-29
  5.248000E-01   2.65868447E-29   3.05639922E-30   2.35304455E-29
  5.309000E-01   2.73970059E-29   3.23352268E-30   2.41634832E-29
  5.370000E-01   2.82712480E-29   3.41626352E-30   2.48549845E-29
  5.433000E-01   2.91637163E-29   3.61086889E-30   2.55528474E-29
  5.495000E-01   2.99787821E-29   3.80818257E-30   2.61705995E-29
  5.559000E-01   3.07730426E-29   4.01714438E-30   2.67558982E-29
  5.623000E-01   3.15707825E-29   4.23200576E-30   2.73387768E-29
  5.688000E-01   3.24587407E-29   4.45627579E-30   2.80024649E-29
  5.754000E-01   3.34792928E-29   4.69017447E-30   2.87891183E-29
  5.821000E-01   3.46275993E-29   4.93391486E-30   2.96936844E-29
  5.888000E-01   3.58482707E-29   5.18392388E-30   3.06643468E-29
  5.957000E-01   3.71347517E-29   5.44786131E-30   3.16868904E-29
  6.026000E-01   3.84276860E-29   5.71826522E-30   3.27094208E-29
  6.095000E-01   3.97419071E-29   5.99503562E-30   3.37468714E-29
  6.166000E-01   4.11567186E-29   6.28636402E-30   3.48703546E-29
  6.237000E-01   4.26620955E-29   6.58420373E-30   3.60778917E-29
  6.310000E-01   4.42960109E-29   6.89709264E-30   3.73989182E-29
  6.383000E-01   4.59844068E-29   7.21659625E-30   3.87678105E-29
  6.457000E-01   4.77166915E-29   7.54708178E-30   4.01696098E-29
  6.531000E-01   4.94520804E-29   7.88406587E-30   4.15680145E-29
  6.607000E-01   5.12722629E-29   8.23686750E-30   4.30353954E-29
  6.683000E-01   5.32005557E-29   8.59628120E-30   4.46042745E-29
  6.761000E-01   5.53770813E-29   8.97176423E-30   4.64053170E-29
  6.839000E-01   5.78223697E-29   9.35375432E-30   4.84686154E-29
  6.918000E-01   6.05950653E-29   9.74707601E-30   5.08479893E-29
  6.998000E-01   6.36919242E-29   1.01517680E-29   5.35401562E-29
  7.079000E-01   6.70991826E-29   1.05680833E-29   5.65310993E-29
  7.161000E-01   7.07787682E-29   1.09958328E-29   5.97829354E-29
  7.244000E-01   7.46961970E-29   1.14350047E-29   6.32611923E-29
  7.328000E-01   7.88176318E-29   1.18855805E-29   6.69320512E-29
  7.413000E-01   8.31162836E-29   1.23475267E-29   7.07687569E-29
  7.499000E-01   8.75859527E-29   1.28207947E-29   7.47651580E-29
  7.586000E-01   9.22543931E-29   1.33053211E-29   7.89490721E-29
  7.674000E-01   9.71774566E-29   1.38010272E-29   8.33764293E-29
  7.763000E-01   1.02411418E-28   1.43078198E-29   8.81035983E-29
  7.852000E-01   1.07928202E-28   1.48198094E-29   9.31083928E-29
  7.943000E-01   1.13869459E-28   1.53483806E-29   9.85210789E-29
  8.035000E-01   1.20201302E-28   1.58865044E-29   1.04314798E-28
  8.128000E-01   1.26957278E-28   1.64332080E-29   1.10524070E-28
  8.222000E-01   1.34153464E-28   1.69900706E-29   1.17163394E-28
  8.318000E-01   1.41908828E-28   1.75628912E-29   1.24345937E-28
  8.414000E-01   1.50101684E-28   1.81395320E-29   1.31962152E-28
  8.511000E-01   1.58859084E-28   1.87257245E-29   1.40133360E-28
  8.610000E-01   1.68343698E-28   1.93273343E-29   1.49016364E-28
  8.710000E-01   1.78556042E-28   1.99380874E-29   1.58617954E-28
  8.810000E-01   1.89501678E-28   2.05515760E-29   1.68950102E-28
  8.913000E-01   2.01684224E-28   2.11859710E-29   1.80498253E-28
  9.016000E-01   2.15000039E-28   2.18220773E-29   1.93177962E-28
  9.120000E-01   2.29926548E-28   2.24639731E-29   2.07462575E-28
  9.226000E-01   2.47063258E-28   2.31196136E-29   2.23943644E-28
  9.333000E-01   2.66993460E-28   2.37825089E-29   2.43210951E-28
  9.441000E-01   2.90821409E-28   2.44523252E-29   2.66369083E-28
  9.550000E-01   3.20297139E-28   2.51287212E-29   2.95168418E-28
  9.661000E-01   3.58690304E-28   2.58175532E-29   3.32872751E-28
  9.772000E-01   4.10266257E-28   2.65060525E-29   3.83760205E-28
  9.886000E-01   4.85693280E-28   2.72124495E-29   4.58480831E-28
  1.000000E+00   6.00031230E-28   2.79177939E-29   5.72113436E-28
  1.012000E+00   7.95234508E-28   2.86610685E-29   7.66573439E-28
  1.023000E+00   1.08776592E-27   2.93407929E-29   1.05842513E-27
  1.035000E+00   1.56305865E-27   3.00802084E-29   1.53297844E-27
  1.047000E+00   2.01578683E-27   3.08170867E-29   1.98496975E-27
  1.059000E+00   2.02406340E-27   3.15510906E-29   1.99251231E-27
  1.071000E+00   1.68085832E-27   3.22818991E-29   1.64857642E-27
  1.084000E+00   1.32690850E-27   3.30696492E-29   1.29383885E-27
  1.097000E+00   1.10293596E-27   3.38529243E-29   1.06908303E-27
  1.109000E+00   9.84097842E-28   3.45716758E-29   9.49526166E-28
  1.122000E+00   9.16127999E-28   3.53453892E-29   8.80782609E-28
  1.135000E+00   8.90299945E-28   3.61122400E-29   8.54187705E-28
  1.148000E+00   8.95380019E-28   3.68723619E-29   8.58507657E-28
  1.161000E+00   9.26638329E-28   3.76263987E-29   8.89011931E-28
  1.175000E+00   9.89101406E-28   3.84313449E-29   9.50670061E-28
  1.189000E+00   1.08409689E-27   3.92286500E-29   1.04486824E-27
  1.202000E+00   1.20470846E-27   3.99619265E-29   1.16474654E-27
  1.216000E+00   1.36991805E-27   4.07437510E-29   1.32917429E-27
  1.230000E+00   1.56133741E-27   4.15172023E-29   1.51982020E-27
  1.245000E+00   1.76087808E-27   4.23484514E-29   1.71852963E-27
  1.259000E+00   1.89288960E-27   4.31328185E-29   1.84975678E-27
  1.273000E+00   1.93700278E-27   4.39065746E-29   1.89309621E-27
  1.288000E+00   1.89139309E-27   4.47264101E-29   1.84666668E-27
  1.303000E+00   1.78968248E-27   4.55365497E-29   1.74414593E-27
  1.318000E+00   1.67331441E-27   4.63404660E-29   1.62697394E-27
  1.334000E+00   1.55955308E-27   4.71876859E-29   1.51236540E-27
  1.349000E+00   1.47144205E-27   4.79715749E-29   1.42347048E-27
  1.365000E+00   1.39774949E-27   4.87965094E-29   1.34895298E-27
  1.380000E+00   1.34517436E-27   4.95590147E-29   1.29561534E-27
  1.396000E+00   1.30351870E-27   5.03595228E-29   1.25315917E-27
  1.413000E+00   1.27180874E-27   5.11969868E-29   1.22061176E-27
  1.429000E+00   1.25106416E-27   5.19728046E-29   1.19909135E-27
  1.445000E+00   1.23711888E-27   5.27365566E-29   1.18438232E-27
  1.462000E+00   1.22817558E-27   5.35346081E-29   1.17464097E-27
  1.479000E+00   1.22427392E-27   5.43182558E-29   1.16995567E-27
  1.496000E+00   1.22397978E-27   5.50881576E-29   1.16889162E-27
  1.514000E+00   1.22672792E-27   5.58883681E-29   1.17083956E-27
  1.531000E+00   1.23157745E-27   5.66299938E-29   1.17494745E-27
  1.549000E+00   1.23856258E-27   5.74003208E-29   1.18116226E-27
  1.567000E+00   1.24747285E-27   5.81473091E-29   1.18932554E-27
  1.585000E+00   1.25752520E-27   5.88785279E-29   1.19864667E-27
  1.603000E+00   1.26839166E-27   5.95944378E-29   1.20879722E-27
  1.622000E+00   1.28044825E-27   6.03336255E-29   1.22011462E-27
  1.641000E+00   1.29282102E-27   6.10560048E-29   1.23176502E-27
  1.660000E+00   1.30520765E-27   6.17650747E-29   1.24344258E-27
  1.679000E+00   1.31730639E-27   6.24607774E-29   1.25484561E-27
  1.698000E+00   1.32878373E-27   6.31402641E-29   1.26564346E-27
  1.718000E+00   1.33972367E-27   6.38381854E-29   1.27588549E-27
  1.738000E+00   1.34885435E-27   6.45185437E-29   1.28433581E-27
  1.758000E+00   1.35529686E-27   6.51815608E-29   1.29011530E-27
  1.778000E+00   1.35800606E-27   6.58388417E-29   1.29216722E-27
  1.799000E+00   1.35523802E-27   6.65344007E-29   1.28870362E-27
  1.820000E+00   1.34421187E-27   6.72121962E-29   1.27699968E-27
  1.841000E+00   1.32325828E-27   6.78724852E-29   1.25538580E-27
  1.862000E+00   1.29400033E-27   6.85155312E-29   1.22548480E-27
  1.884000E+00   1.26491028E-27   6.91709971E-29   1.19573929E-27
  1.906000E+00   1.25724456E-27   6.98081479E-29   1.18743641E-27
  1.928000E+00   1.28453642E-27   7.04329031E-29   1.21410352E-27
  1.950000E+00   1.33734466E-27   7.10404418E-29   1.26630422E-27
  1.972000E+00   1.39773653E-27   7.16306917E-29   1.32610583E-27
  1.995000E+00   1.45682294E-27   7.22296345E-29   1.38459331E-27
  2.018000E+00   1.50805649E-27   7.28104010E-29   1.43524609E-27
  2.042000E+00   1.55365833E-27   7.33974387E-29   1.48026090E-27
  2.065000E+00   1.59142660E-27   7.39422105E-29   1.51748439E-27
  2.089000E+00   1.62636313E-27   7.44902906E-29   1.55187284E-27
  2.114000E+00   1.65910014E-27   7.50417694E-29   1.58405837E-27
  2.138000E+00   1.68806082E-27   7.55670566E-29   1.61249377E-27
  2.163000E+00   1.71627428E-27   7.61031657E-29   1.64017111E-27
  2.188000E+00   1.74291049E-27   7.66211440E-29   1.66628935E-27
  2.213000E+00   1.76838448E-27   7.71162291E-29   1.69126825E-27
  2.239000E+00   1.79390720E-27   7.76078569E-29   1.71629935E-27
  2.265000E+00   1.81886596E-27   7.80825019E-29   1.74078346E-27
  2.291000E+00   1.84354858E-27   7.85412288E-29   1.76500735E-27
  2.317000E+00   1.86767534E-27   7.89826918E-29   1.78869265E-27
  2.344000E+00   1.89224685E-27   7.94233653E-29   1.81282348E-27
  2.371000E+00   1.91641756E-27   7.98464453E-29   1.83657111E-27
  2.399000E+00   1.94114761E-27   8.02671551E-29   1.86088046E-27
  2.427000E+00   1.96575252E-27   8.06707100E-29   1.88508181E-27
  2.455000E+00   1.99127469E-27   8.10624264E-29   1.91021227E-27
  2.483000E+00   2.01665920E-27   8.14390951E-29   1.93522010E-27
  2.512000E+00   2.04246725E-27   8.18246416E-29   1.96064260E-27
  2.541000E+00   2.06838889E-27   8.21934226E-29   1.98619547E-27
  2.570000E+00   2.09454699E-27   8.25459777E-29   2.01200101E-27
  2.600000E+00   2.12200832E-27   8.28941755E-29   2.03911415E-27
  2.630000E+00   2.15006444E-27   8.32261415E-29   2.06683830E-27
  2.661000E+00   2.17992466E-27   8.35527087E-29   2.09637196E-27
  2.691000E+00   2.20995504E-27   8.38533626E-29   2.12610168E-27
  2.723000E+00   2.24362559E-27   8.41579845E-29   2.15946760E-27
  2.754000E+00   2.27837462E-27   8.44378338E-29   2.19393679E-27
  2.786000E+00   2.31787624E-27   8.47283087E-29   2.23314793E-27
  2.818000E+00   2.36135573E-27   8.50046599E-29   2.27635107E-27
  2.851000E+00   2.41175802E-27   8.52747607E-29   2.32648326E-27
  2.884000E+00   2.46987193E-27   8.55303320E-29   2.38434160E-27
  2.917000E+00   2.53871712E-27   8.57719472E-29   2.45294517E-27
  2.951000E+00   2.62566886E-27   8.60068734E-29   2.53966198E-27
  2.985000E+00   2.73657188E-27   8.62281615E-29   2.65034371E-27
  3.020000E+00   2.88925703E-27   8.64423109E-29   2.80281472E-27
  3.055000E+00   3.10529863E-27   8.66432080E-29   3.01865542E-27
  3.090000E+00   3.43109525E-27   8.68314301E-29   3.34426382E-27
  3.126000E+00   3.98436034E-27   8.70774423E-29   3.89728290E-27
  3.162000E+00   5.01215322E-27   8.73345777E-29   4.92481865E-27
  3.199000E+00   7.36727978E-27   8.75863130E-29   7.27969347E-27
  3.236000E+00   1.44883097E-26   8.78258863E-29   1.44004838E-26
  3.273000E+00   5.22331303E-26   8.80338695E-29   5.21450964E-26
  3.311000E+00   1.14015178E-25   8.81827776E-29   1.13926995E-25
  3.350000E+00   2.29215544E-26   8.83244680E-29   2.28332299E-26
  3.388000E+00   1.00068706E-26   8.84522283E-29   9.91841839E-27
  3.428000E+00   6.29051370E-27   8.85337909E-29   6.20197991E-27
  3.467000E+00   4.85661647E-27   8.85828755E-29   4.76803359E-27
  3.507000E+00   4.13331006E-27   8.86242516E-29   4.04468581E-27
  3.548000E+00   3.72504695E-27   8.86578075E-29   3.63638914E-27
  3.589000E+00   3.48209003E-27   8.86829599E-29   3.39340707E-27
  3.631000E+00   3.32639305E-27   8.87005764E-29   3.23769248E-27
  3.673000E+00   3.22700487E-27   8.86993442E-29   3.13830552E-27
  3.715000E+00   3.16298846E-27   8.86845165E-29   3.07430394E-27
  3.758000E+00   3.12146611E-27   8.86626335E-29   3.03280348E-27
  3.802000E+00   3.09637352E-27   8.86337569E-29   3.00773976E-27
  3.846000E+00   3.08392015E-27   8.85988440E-29   2.99532131E-27
  3.891000E+00   3.08124415E-27   8.85574435E-29   2.99268670E-27
  3.935000E+00   3.08654252E-27   8.85119513E-29   2.99803057E-27
  3.981000E+00   3.09833842E-27   8.84595631E-29   3.00987886E-27
  4.027000E+00   3.11546618E-27   8.84027218E-29   3.02706346E-27
  4.074000E+00   3.13772302E-27   8.83405285E-29   3.04938250E-27
  4.121000E+00   3.16429337E-27   8.82746407E-29   3.07601873E-27
  4.169000E+00   3.19566900E-27   8.81435601E-29   3.10752544E-27
  4.217000E+00   3.23110942E-27   8.79905258E-29   3.14311890E-27
  4.266000E+00   3.27142137E-27   8.78325179E-29   3.18358885E-27
  4.315000E+00   3.31600208E-27   8.76731263E-29   3.22832895E-27
  4.365000E+00   3.36610782E-27   8.75094682E-29   3.27859835E-27
  4.416000E+00   3.42237211E-27   8.73418918E-29   3.33503021E-27
  4.467000E+00   3.48509610E-27   8.72322516E-29   3.39786384E-27
  4.519000E+00   3.55586899E-27   8.71383141E-29   3.46873068E-27
  4.571000E+00   3.63424361E-27   8.70442698E-29   3.54719934E-27
  4.624000E+00   3.72327226E-27   8.69486719E-29   3.63632359E-27
  4.677000E+00   3.82335925E-27   8.68536796E-29   3.73650557E-27
  4.732000E+00   3.94166113E-27   8.67560957E-29   3.85490504E-27
  4.786000E+00   4.07660632E-27   8.67000320E-29   3.98990629E-27
  4.842000E+00   4.24325208E-27   8.67269278E-29   4.15652515E-27
  4.898000E+00   4.44670374E-27   8.67549553E-29   4.35994878E-27
  4.955000E+00   4.71135451E-27   8.67849740E-29   4.62456954E-27
  5.012000E+00   5.07257454E-27   8.68370197E-29   4.98573752E-27
  5.070000E+00   5.62485634E-27   8.69638723E-29   5.53789246E-27
  5.129000E+00   6.59244443E-27   8.70947927E-29   6.50534963E-27
  5.188000E+00   8.46703121E-27   8.72992413E-29   8.37973197E-27
  5.248000E+00   1.13540657E-26   8.76308477E-29   1.12664348E-26
  5.309000E+00   1.12445005E-26   8.79696861E-29   1.11565308E-26
  5.370000E+00   9.38685368E-27   8.83105804E-29   9.29854310E-27
  5.432000E+00   8.86734407E-27   8.86595043E-29   8.77868456E-27
  5.495000E+00   9.49885831E-27   8.90169119E-29   9.40984140E-27
  5.559000E+00   1.13984396E-26   8.95206496E-29   1.13089190E-26
  5.623000E+00   1.54019437E-26   9.00708055E-29   1.53118729E-26
  5.688000E+00   2.05982851E-26   9.07661128E-29   2.05075190E-26
  5.754000E+00   1.95293466E-26   9.15080083E-29   1.94378386E-26
  5.821000E+00   1.71364804E-26   9.22648335E-29   1.70442156E-26
  5.888000E+00   1.78573333E-26   9.30257970E-29   1.77643075E-26
  5.957000E+00   2.18745134E-26   9.39275889E-29   2.17805858E-26
  6.026000E+00   3.10985330E-26   9.48688307E-29   3.10036642E-26
  6.095000E+00   5.23580627E-26   9.58157600E-29   5.22622469E-26
  6.166000E+00   1.02009543E-25   9.67965531E-29   1.01912746E-25
  6.237000E+00   1.31959164E-25   9.76934679E-29   1.31861470E-25
  6.310000E+00   7.92085466E-26   9.85425248E-29   7.91100041E-26
  6.383000E+00   4.79494514E-26   9.93359902E-29   4.78501154E-26
  6.457000E+00   3.69055557E-26   1.00022792E-28   3.68055329E-26
  6.531000E+00   3.44706818E-26   1.00711538E-28   3.43699702E-26
  6.607000E+00   3.58121041E-26   1.01307757E-28   3.57107964E-26
  6.683000E+00   3.76058320E-26   1.01917207E-28   3.75039148E-26
  6.761000E+00   3.76298787E-26   1.02498013E-28   3.75273807E-26
  6.839000E+00   3.67807682E-26   1.03074114E-28   3.66776941E-26
  6.918000E+00   3.70525650E-26   1.03719930E-28   3.69488450E-26
  6.998000E+00   3.93539465E-26   1.04893341E-28   3.92490531E-26
  7.080000E+00   4.39879158E-26   1.06114394E-28   4.38818014E-26
  7.161000E+00   5.09215134E-26   1.09328962E-28   5.08121845E-26
  7.244000E+00   6.07900452E-26   1.12795747E-28   6.06772495E-26
  7.328000E+00   7.47108254E-26   1.19045850E-28   7.45917796E-26
  7.413000E+00   9.58136629E-26   1.29369440E-28   9.56842935E-26
  7.499000E+00   1.28699251E-25   1.40006805E-28   1.28559244E-25
  7.586000E+00   1.62103456E-25   1.63987196E-28   1.61939469E-25
  7.674000E+00   1.64922768E-25   1.91623362E-28   1.64731145E-25
  7.762000E+00   1.60418305E-25   2.23117260E-28   1.60195188E-25
  7.852000E+00   1.55326401E-25   2.75380558E-28   1.55051020E-25
  7.943000E+00   1.28638133E-25   3.29515040E-28   1.28308618E-25
  8.035000E+00   9.64841958E-26   3.94965000E-28   9.60892308E-26
  8.128000E+00   7.49137104E-26   4.77307153E-28   7.44364032E-26
  8.222000E+00   6.40044833E-26   5.62174053E-28   6.34423093E-26
  8.318000E+00   6.01042703E-26   6.47073094E-28   5.94571972E-26
  8.414000E+00   6.10868462E-26   7.25925054E-28   6.03609212E-26
  8.511000E+00   7.01075950E-26   7.99205921E-28   6.93083891E-26
  8.610000E+00   7.82775924E-26   8.73282161E-28   7.74043103E-26
  8.710000E+00   6.24532895E-26   9.60079301E-28   6.14932102E-26
  8.811000E+00   4.41292785E-26   1.06283026E-27   4.30664483E-26
  8.913000E+00   3.36937527E-26   1.17958896E-27   3.25141638E-26
  9.016000E+00   2.79800662E-26   1.30538288E-27   2.66746833E-26
  9.120000E+00   2.46163538E-26   1.43229959E-27   2.31840542E-26
  9.226000E+00   2.24695756E-26   1.54204028E-27   2.09275353E-26
  9.333000E+00   2.10392596E-26   1.62226256E-27   1.94169970E-26
  9.441000E+00   2.00543154E-26   1.67007973E-27   1.83842356E-26
  9.550000E+00   1.93703899E-26   1.68680592E-27   1.76835840E-26
  9.660000E+00   1.89063695E-26   1.67448794E-27   1.72318815E-26
  9.772000E+00   1.86288629E-26   1.64840174E-27   1.69804612E-26
  9.885000E+00   1.85298631E-26   1.62174305E-27   1.69081201E-26
  1.000000E+01   1.86052702E-26   1.59693655E-27   1.70083337E-26
  1.012000E+01   1.88816707E-26   1.57695218E-27   1.73047185E-26
  1.023000E+01   1.93267440E-26   1.55449224E-27   1.77722518E-26
  1.035000E+01   2.00789446E-26   1.52287147E-27   1.85560732E-26
  1.047000E+01   2.12311519E-26   1.47008022E-27   1.97610716E-26
  1.059000E+01   2.31389554E-26   1.40743596E-27   2.17315194E-26
  1.072000E+01   2.62364895E-26   1.33959870E-27   2.48968908E-26
  1.084000E+01   3.05078258E-26   1.28459823E-27   2.92232276E-26
  1.097000E+01   4.07016120E-26   1.23418490E-27   3.94674271E-26
  1.109000E+01   6.54582270E-26   1.19149237E-27   6.42667346E-26
  1.122000E+01   1.63598350E-25   1.14503374E-27   1.62453316E-25
  1.135000E+01   1.27891239E-25   1.10273793E-27   1.26788501E-25
  1.148000E+01   8.32899227E-26   1.06337800E-27   8.22265447E-26
  1.161000E+01   5.89609521E-26   1.02921464E-27   5.79317375E-26
  1.175000E+01   5.40015022E-26   9.91205017E-28   5.30102972E-26
  1.189000E+01   5.99268549E-26   9.50535176E-28   5.89763197E-26
  1.202000E+01   6.32259290E-26   9.13653069E-28   6.23122759E-26
  1.216000E+01   5.81434914E-26   8.74788464E-28   5.72687029E-26
  1.230000E+01   5.71499252E-26   8.43076862E-28   5.63068484E-26
  1.244000E+01   6.67044402E-26   8.13175975E-28   6.58912642E-26
  1.259000E+01   8.18592793E-26   7.80570769E-28   8.10787085E-26
  1.273000E+01   7.67233222E-26   7.51145893E-28   7.59721763E-26
  1.288000E+01   5.48389726E-26   7.19976704E-28   5.41189959E-26
  1.303000E+01   4.39426900E-26   6.94865211E-28   4.32478248E-26
  1.318000E+01   4.02945489E-26   6.70877602E-28   3.96236713E-26
  1.334000E+01   4.17280540E-26   6.48424998E-28   4.10796290E-26
  1.349000E+01   4.30658564E-26   6.27228532E-28   4.24386279E-26
  1.365000E+01   3.81594405E-26   6.11255775E-28   3.75481847E-26
  1.380000E+01   3.36537427E-26   5.97489407E-28   3.30562533E-26
  1.396000E+01   3.18013093E-26   5.96601289E-28   3.12047080E-26
  1.412000E+01   3.29048500E-26   5.98343173E-28   3.23065068E-26
  1.429000E+01   3.15658801E-26   6.15690310E-28   3.09501898E-26
  1.445000E+01   2.88572151E-26   6.34933169E-28   2.82222819E-26
  1.462000E+01   2.77456018E-26   6.66309717E-28   2.70792921E-26
  1.479000E+01   2.73397141E-26   6.99626189E-28   2.66400879E-26
  1.496000E+01   2.72217285E-26   7.36494940E-28   2.64852336E-26
  1.514000E+01   2.72660664E-26   7.77792254E-28   2.64882742E-26
  1.531000E+01   2.74304479E-26   8.20781451E-28   2.66096665E-26
  1.549000E+01   2.77437948E-26   8.68223642E-28   2.68755712E-26
  1.567000E+01   2.83027604E-26   9.19343715E-28   2.73834166E-26
  1.585000E+01   2.93895006E-26   9.72465910E-28   2.84170347E-26
  1.603000E+01   3.03247603E-26   1.02826145E-27   2.92964988E-26
  1.622000E+01   3.28975579E-26   1.08942234E-27   3.18081356E-26
  1.641000E+01   4.39834791E-26   1.15233819E-27   4.28311409E-26
  1.660000E+01   3.94155715E-26   1.21660076E-27   3.81989707E-26
  1.679000E+01   3.88534149E-26   1.28149935E-27   3.75719155E-26
  1.698000E+01   4.04437664E-26   1.34368308E-27   3.91000834E-26
  1.718000E+01   4.01597883E-26   1.41020747E-27   3.87495808E-26
  1.738000E+01   4.01794584E-26   1.47379442E-27   3.87056639E-26
  1.758000E+01   3.42497217E-26   1.53659229E-27   3.27131294E-26
  1.778000E+01   3.23951618E-26   1.59544590E-27   3.07997159E-26
  1.799000E+01   3.04141412E-26   1.64875721E-27   2.87653840E-26
  1.820000E+01   2.84683605E-26   1.70146367E-27   2.67668969E-26
  1.841000E+01   2.74976998E-26   1.74307483E-27   2.57546250E-26
  1.862000E+01   2.68481684E-26   1.78152510E-27   2.50666433E-26
  1.884000E+01   2.63049696E-26   1.81619782E-27   2.44887718E-26
  1.906000E+01   2.57952420E-26   1.83694947E-27   2.39582926E-26
  1.927000E+01   2.53203964E-26   1.85593572E-27   2.34644607E-26
  1.950000E+01   2.48144485E-26   1.86729638E-27   2.29471521E-26
  1.972000E+01   2.43615697E-26   1.87109364E-27   2.24904760E-26
  1.995000E+01   2.39325816E-26   1.87466952E-27   2.20579121E-26
  2.018000E+01   2.35403980E-26   1.87231667E-27   2.16680813E-26
  2.042000E+01   2.31726872E-26   1.87237659E-27   2.13003107E-26
  2.065000E+01   2.28576805E-26   1.87846226E-27   2.09792182E-26
  2.089000E+01   2.25552740E-26   1.88370989E-27   2.06715642E-26
  2.114000E+01   2.22651226E-26   1.88839497E-27   2.03767276E-26
  2.138000E+01   2.20076370E-26   1.89231398E-27   2.01153231E-26
  2.163000E+01   2.17650929E-26   1.90129049E-27   1.98638024E-26
  2.188000E+01   2.15416173E-26   1.91013737E-27   1.96314800E-26
  2.213000E+01   2.13359152E-26   1.91883906E-27   1.94170761E-26
  2.239000E+01   2.11325060E-26   1.92073365E-27   1.92117723E-26
  2.265000E+01   2.09479929E-26   1.92444706E-27   1.90235459E-26
  2.291000E+01   2.07829397E-26   1.93108744E-27   1.88518523E-26
  2.317000E+01   2.06388791E-26   1.94249390E-27   1.86963852E-26
  2.344000E+01   2.05060189E-26   1.95490603E-27   1.85511129E-26
  2.371000E+01   2.03864261E-26   1.96426345E-27   1.84221626E-26
  2.399000E+01   2.02804941E-26   1.97557361E-27   1.83049204E-26
  2.427000E+01   2.01923844E-26   1.98833680E-27   1.82040476E-26
  2.455000E+01   2.01207319E-26   2.00219898E-27   1.81185329E-26
  2.483000E+01   2.00640938E-26   2.01569645E-27   1.80483973E-26
  2.512000E+01   2.00177346E-26   2.02684516E-27   1.79908894E-26
  2.541000E+01   1.99880347E-26   2.04001698E-27   1.79480177E-26
  2.570000E+01   1.99737648E-26   2.05314858E-27   1.79206162E-26
  2.600000E+01   1.99749835E-26   2.06668529E-27   1.79082982E-26
  2.630000E+01   1.99922250E-26   2.08016836E-27   1.79120566E-26
  2.661000E+01   2.00266642E-26   2.09403956E-27   1.79326246E-26
  2.692000E+01   2.00778199E-26   2.10784382E-27   1.79699760E-26
  2.723000E+01   2.01455462E-26   2.12157696E-27   1.80239693E-26
  2.754000E+01   2.02297318E-26   2.13523532E-27   1.80944965E-26
  2.786000E+01   2.03237661E-26   2.15251987E-27   1.81712463E-26
  2.818000E+01   2.04326431E-26   2.16987444E-27   1.82627686E-26
  2.851000E+01   2.05605454E-26   2.18770868E-27   1.83728367E-26
  2.884000E+01   2.07040226E-26   2.20547655E-27   1.84985460E-26
  2.917000E+01   2.08627914E-26   2.22317585E-27   1.86396156E-26
  2.951000E+01   2.10420712E-26   2.24133809E-27   1.88007331E-26
  2.985000E+01   2.12369842E-26   2.25942478E-27   1.89775595E-26
  3.020000E+01   2.14347539E-26   2.27978782E-27   1.91549661E-26
  3.055000E+01   2.16314650E-26   2.30141646E-27   1.93300485E-26
  3.090000E+01   2.18397198E-26   2.32296607E-27   1.95167537E-26
  3.126000E+01   2.20654109E-26   2.34504948E-27   1.97203614E-26
  3.162000E+01   2.23021790E-26   2.36705141E-27   1.99351275E-26
  3.199000E+01   2.25564577E-26   2.38958239E-27   2.01668753E-26
  3.236000E+01   2.28211923E-26   2.41203419E-27   2.04091581E-26
  3.273000E+01   2.30957422E-26   2.43441222E-27   2.06613300E-26
  3.311000E+01   2.33872476E-26   2.45732540E-27   2.09299222E-26
  3.350000E+01   2.36957292E-26   2.48077746E-27   2.12149518E-26
  3.388000E+01   2.39598285E-26   2.51061483E-27   2.14492137E-26
  3.428000E+01   2.42436578E-26   2.54230119E-27   2.17013566E-26
  3.467000E+01   2.45269989E-26   2.57330614E-27   2.19536928E-26
  3.508000E+01   2.48316397E-26   2.60603838E-27   2.22256013E-26
  3.548000E+01   2.51353213E-26   2.63812985E-27   2.24971915E-26
  3.589000E+01   2.54530494E-26   2.67121104E-27   2.27818384E-26
  3.631000E+01   2.57851607E-26   2.70532678E-27   2.30798339E-26
  3.673000E+01   2.61238860E-26   2.73970855E-27   2.33841774E-26
  3.715000E+01   2.64691687E-26   2.77439627E-27   2.36947724E-26
  3.758000E+01   2.68288368E-26   2.81027806E-27   2.40185588E-26
  3.802000E+01   2.71768514E-26   2.84767617E-27   2.43291752E-26
  3.846000E+01   2.75361284E-26   2.88558623E-27   2.46505422E-26
  3.890000E+01   2.79071735E-26   2.92407548E-27   2.49830980E-26
  3.935000E+01   2.82993521E-26   2.96411471E-27   2.53352374E-26
  3.981000E+01   2.87140750E-26   3.00583690E-27   2.57082381E-26
  4.027000E+01   2.91433336E-26   3.04845774E-27   2.60948758E-26
  4.074000E+01   2.95974953E-26   3.09304218E-27   2.65044531E-26
  4.121000E+01   3.00679341E-26   3.13879354E-27   2.69291405E-26
  4.169000E+01   3.05704701E-26   3.18845034E-27   2.73820197E-26
  4.217000E+01   3.10965557E-26   3.24012240E-27   2.78564333E-26
  4.266000E+01   3.16574564E-26   3.29457184E-27   2.83628845E-26
  4.315000E+01   3.22429944E-26   3.35090968E-27   2.88920847E-26
  4.365000E+01   3.28663598E-26   3.41053063E-27   2.94558291E-26
  4.416000E+01   3.35295407E-26   3.47377026E-27   3.00557704E-26
  4.467000E+01   3.42206791E-26   3.53968031E-27   3.06809988E-26
  4.519000E+01   3.49614230E-26   3.61077462E-27   3.13506484E-26
  4.571000E+01   3.57623745E-26   3.68880404E-27   3.20735704E-26
  4.624000E+01   3.66142958E-26   3.77213011E-27   3.28421657E-26
  4.677000E+01   3.75021626E-26   3.85958096E-27   3.36425816E-26
  4.731000E+01   3.84436754E-26   3.95323587E-27   3.44904395E-26
  4.786000E+01   3.94407028E-26   4.05368380E-27   3.53870190E-26
  4.842000E+01   4.04950052E-26   4.16156016E-27   3.63334450E-26
  4.898000E+01   4.15883404E-26   4.27545658E-27   3.73128839E-26
  4.954000E+01   4.27201196E-26   4.39574358E-27   3.83243760E-26
  5.012000E+01   4.39422568E-26   4.52855868E-27   3.94136981E-26
  5.070000E+01   4.52426630E-26   4.67316305E-27   4.05695000E-26
  5.129000E+01   4.66088023E-26   4.82885477E-27   4.17799476E-26
  5.188000E+01   4.80282800E-26   4.99483250E-27   4.30334475E-26
  5.248000E+01   4.95340712E-26   5.17557395E-27   4.43584972E-26
  5.309000E+01   5.11091642E-26   5.37011993E-27   4.57390443E-26
  5.370000E+01   5.27270715E-26   5.57599939E-27   4.71510722E-26
  5.433000E+01   5.44676120E-26   5.80340013E-27   4.86642119E-26
  5.495000E+01   5.62358824E-26   6.04127558E-27   5.01946069E-26
  5.559000E+01   5.81035952E-26   6.30076670E-27   5.18028285E-26
  5.623000E+01   6.00118479E-26   6.57483485E-27   5.34370130E-26
  5.688000E+01   6.20278968E-26   6.87351164E-27   5.51543851E-26
  5.754000E+01   6.41242683E-26   7.19469170E-27   5.69295766E-26
  5.821000E+01   6.62903984E-26   7.53834264E-27   5.87520557E-26
  5.888000E+01   6.84914548E-26   7.90003235E-27   6.05914225E-26
  5.957000E+01   7.08374619E-26   8.29856919E-27   6.25388927E-26
  6.026000E+01   7.32301581E-26   8.71959934E-27   6.45105587E-26
  6.095000E+01   7.56520453E-26   9.16129794E-27   6.64907473E-26
  6.166000E+01   7.81704400E-26   9.63746264E-27   6.85329773E-26
  6.237000E+01   8.07376018E-26   1.01391216E-26   7.05984802E-26
  6.310000E+01   8.34216804E-26   1.06814980E-26   7.27401824E-26
  6.383000E+01   8.61365986E-26   1.12506492E-26   7.48859495E-26
  6.457000E+01   8.89300196E-26   1.18581976E-26   7.70718220E-26
  6.531000E+01   9.17364036E-26   1.24909785E-26   7.92454252E-26
  6.607000E+01   9.46630033E-26   1.31722776E-26   8.14907257E-26
  6.683000E+01   9.75918539E-26   1.38793973E-26   8.37124566E-26
  6.761000E+01   1.00629554E-25   1.46369973E-26   8.59925569E-26
  6.839000E+01   1.03671765E-25   1.54227957E-26   8.82489697E-26
  6.918000E+01   1.06759200E-25   1.62507439E-26   9.05084557E-26
  6.998000E+01   1.09899958E-25   1.71259810E-26   9.27739768E-26
  7.079000E+01   1.13071978E-25   1.80319714E-26   9.50400062E-26
  7.161000E+01   1.16304744E-25   1.89937484E-26   9.73109956E-26
  7.244000E+01   1.19549764E-25   1.99951737E-26   9.95545901E-26
  7.328000E+01   1.22821177E-25   2.10393243E-26   1.01781853E-25
  7.413000E+01   1.26124771E-25   2.21285697E-26   1.03996201E-25
  7.499000E+01   1.29419100E-25   2.32546106E-26   1.06164490E-25
  7.586000E+01   1.32751535E-25   2.44289333E-26   1.08322602E-25
  7.674000E+01   1.36074746E-25   2.56413962E-26   1.10433350E-25
  7.762000E+01   1.39343832E-25   2.68771889E-26   1.12466643E-25
  7.852000E+01   1.42680557E-25   2.81825281E-26   1.14498029E-25
  7.943000E+01   1.45977787E-25   2.95201681E-26   1.16457619E-25
  8.035000E+01   1.49260608E-25   3.08963720E-26   1.18364236E-25
  8.128000E+01   1.52543428E-25   3.23151809E-26   1.20228248E-25
  8.222000E+01   1.55768354E-25   3.37606091E-26   1.22007745E-25
  8.318000E+01   1.59016387E-25   3.52633499E-26   1.23753037E-25
  8.414000E+01   1.62207895E-25   3.67884500E-26   1.25419445E-25
  8.511000E+01   1.65324438E-25   3.83334489E-26   1.26990989E-25
  8.610000E+01   1.68458641E-25   3.99305732E-26   1.28528068E-25
  8.710000E+01   1.71553125E-25   4.15560851E-26   1.29997040E-25
  8.811000E+01   1.74555023E-25   4.31929173E-26   1.31362105E-25
  8.912000E+01   1.77504553E-25   4.48473917E-26   1.32657161E-25
  9.016000E+01   1.80472236E-25   4.65627104E-26   1.33909526E-25
  9.120000E+01   1.83304479E-25   4.82639144E-26   1.35040565E-25
  9.226000E+01   1.86095852E-25   4.99953757E-26   1.36100477E-25
  9.332000E+01   1.88815870E-25   5.17310498E-26   1.37084820E-25
  9.441000E+01   1.91463043E-25   5.34904290E-26   1.37972614E-25
  9.550000E+01   1.93972999E-25   5.52271035E-26   1.38745896E-25
  9.661000E+01   1.96500679E-25   5.70215106E-26   1.39479169E-25
  9.772000E+01   1.98871708E-25   5.87809652E-26   1.40090743E-25
  9.886000E+01   2.01142650E-25   6.05471019E-26   1.40595548E-25
  1.000000E+02   2.03248377E-25   6.22682269E-26   1.40980151E-25
  1.012000E+02   2.05462069E-25   6.41001821E-26   1.41361887E-25
  1.023000E+02   2.07336315E-25   6.57318647E-26   1.41604450E-25
  1.035000E+02   2.09257907E-25   6.74715863E-26   1.41786320E-25
  1.047000E+02   2.11272866E-25   6.92421718E-26   1.42030694E-25
  1.059000E+02   2.13130022E-25   7.09542268E-26   1.42175795E-25
  1.072000E+02   2.14965784E-25   7.27388359E-26   1.42226948E-25
  1.084000E+02   2.16499856E-25   7.43179986E-26   1.42181857E-25
  1.097000E+02   2.17990662E-25   7.59514266E-26   1.42039236E-25
  1.109000E+02   2.19211632E-25   7.73850082E-26   1.41826624E-25
  1.122000E+02   2.20369681E-25   7.88548880E-26   1.41514793E-25
  1.135000E+02   2.21621175E-25   8.03160020E-26   1.41305173E-25
  1.148000E+02   2.22897657E-25   8.17442849E-26   1.41153372E-25
  1.161000E+02   2.24039706E-25   8.30869447E-26   1.40952762E-25
  1.175000E+02   2.25126933E-25   8.44351601E-26   1.40691773E-25
  1.188000E+02   2.26184482E-25   8.56562563E-26   1.40528225E-25
  1.202000E+02   2.27359361E-25   8.69284529E-26   1.40430908E-25
  1.216000E+02   2.28429923E-25   8.81011275E-26   1.40328795E-25
  1.230000E+02   2.29407794E-25   8.91734484E-26   1.40234345E-25
  1.244000E+02   2.30436951E-25   9.01874272E-26   1.40249524E-25
  1.259000E+02   2.31781242E-25   9.12740716E-26   1.40507170E-25
  1.273000E+02   2.32943991E-25   9.21901362E-26   1.40753855E-25
  1.288000E+02   2.34086085E-25   9.30667028E-26   1.41019382E-25
  1.303000E+02   2.35109227E-25   9.38352701E-26   1.41273957E-25
  1.318000E+02   2.35993471E-25   9.44967109E-26   1.41496760E-25
  1.334000E+02   2.36749895E-25   9.50854871E-26   1.41664408E-25
  1.349000E+02   2.37240450E-25   9.55295217E-26   1.41710928E-25
  1.365000E+02   2.36670199E-25   9.61214526E-26   1.40548747E-25
  1.380000E+02   2.35591920E-25   9.65933316E-26   1.38998589E-25
  1.396000E+02   2.33945729E-25   9.69947633E-26   1.36950965E-25
  1.412000E+02   2.31843864E-25   9.72931525E-26   1.34550712E-25
  1.429000E+02   2.29187283E-25   9.74999651E-26   1.31687318E-25
  1.445000E+02   2.26363326E-25   9.75935767E-26   1.28769749E-25
  1.462000E+02   2.23096727E-25   9.75887997E-26   1.25507928E-25
  1.479000E+02   2.19627490E-25   9.74799867E-26   1.22147503E-25
  1.496000E+02   2.16017316E-25   9.72706999E-26   1.18746616E-25
  1.514000E+02   2.12682823E-25   9.71977683E-26   1.15485054E-25
  1.531000E+02   2.09678827E-25   9.71050525E-26   1.12573774E-25
  1.549000E+02   2.06497544E-25   9.69150137E-26   1.09582530E-25
  1.567000E+02   2.03316011E-25   9.66342353E-26   1.06681776E-25
  1.585000E+02   2.00134474E-25   9.62665914E-26   1.03867882E-25
  1.603000E+02   1.96953204E-25   9.58159849E-26   1.01137219E-25
  1.622000E+02   1.93595913E-25   9.52546645E-26   9.83412481E-26
  1.641000E+02   1.90239983E-25   9.46098608E-26   9.56301221E-26
  1.660000E+02   1.86886261E-25   9.38861384E-26   9.30001222E-26
  1.679000E+02   1.83535799E-25   9.30880155E-26   9.04477839E-26
  1.698000E+02   1.80189844E-25   9.22199483E-26   8.79698955E-26
  1.718000E+02   1.76674206E-25   9.12354439E-26   8.54387621E-26
  1.738000E+02   1.73166936E-25   9.01832949E-26   8.29836412E-26
  1.758000E+02   1.69883892E-25   8.91950554E-26   8.06888363E-26
  1.778000E+02   1.66916738E-25   8.83370096E-26   7.85797288E-26
  1.799000E+02   1.63796408E-25   8.73783825E-26   7.64180258E-26
  1.820000E+02   1.60674909E-25   8.63651277E-26   7.43097810E-26
  1.841000E+02   1.57555905E-25   8.53016307E-26   7.22542747E-26
  1.862000E+02   1.54442890E-25   8.41921245E-26   7.02507656E-26
  1.884000E+02   1.51191665E-25   8.29848765E-26   6.82067885E-26
  1.906000E+02   1.47954237E-25   8.17361042E-26   6.62181329E-26
  1.928000E+02   1.44733976E-25   8.04501116E-26   6.42838642E-26
  1.950000E+02   1.41534028E-25   7.91310071E-26   6.24030212E-26
  1.972000E+02   1.38357322E-25   7.77827039E-26   6.05746182E-26
  1.995000E+02   1.35064011E-25   7.63459295E-26   5.87180814E-26
  2.018000E+02   1.32066339E-25   7.50636017E-26   5.70027373E-26
  2.042000E+02   1.29040682E-25   7.37540102E-26   5.52866719E-26
  2.065000E+02   1.26166032E-25   7.24790724E-26   5.36869600E-26
  2.089000E+02   1.23195208E-25   7.11313344E-26   5.20638735E-26
  2.114000E+02   1.20134651E-25   6.97121059E-26   5.04225451E-26
  2.138000E+02   1.17231618E-25   6.83381425E-26   4.88934759E-26
  2.163000E+02   1.14246455E-25   6.68981196E-26   4.73483356E-26
  2.188000E+02   1.11302953E-25   6.54521202E-26   4.58508325E-26
  2.213000E+02   1.08402920E-25   6.40029823E-26   4.43999379E-26
  2.239000E+02   1.05434682E-25   6.24953728E-26   4.29393092E-26
  2.265000E+02   1.02600409E-25   6.10736853E-26   4.15267237E-26
  2.291000E+02   9.98779616E-26   5.97170216E-26   4.01609401E-26
  2.317000E+02   9.72045623E-26   5.83638584E-26   3.88407040E-26
  2.344000E+02   9.44810690E-26   5.69645218E-26   3.75165472E-26
  2.371000E+02   9.18119443E-26   5.55732073E-26   3.62387370E-26
  2.399000E+02   8.91018907E-26   5.41408417E-26   3.49610491E-26
  2.427000E+02   8.64540907E-26   5.27239576E-26   3.37301331E-26
  2.455000E+02   8.38662335E-26   5.13217850E-26   3.25444485E-26
  2.483000E+02   8.13356385E-26   4.99331624E-26   3.14024761E-26
  2.512000E+02   7.87596064E-26   4.84742190E-26   3.02853874E-26
  2.541000E+02   7.62479236E-26   4.70083910E-26   2.92395326E-26
  2.570000E+02   7.37968357E-26   4.55653918E-26   2.82314439E-26
  2.600000E+02   7.13252774E-26   4.40982611E-26   2.72270163E-26
  2.630000E+02   6.89937528E-26   4.27334263E-26   2.62603265E-26
  2.661000E+02   6.66482814E-26   4.13486315E-26   2.52996499E-26
  2.691000E+02   6.44395427E-26   4.00339131E-26   2.44056296E-26
  2.723000E+02   6.21489454E-26   3.86597151E-26   2.34892303E-26
  2.754000E+02   6.00101522E-26   3.73734302E-26   2.26367221E-26
  2.786000E+02   5.79715285E-26   3.61798464E-26   2.17916821E-26
  2.818000E+02   5.59924969E-26   3.50117334E-26   2.09807635E-26
  2.851000E+02   5.40128474E-26   3.38340585E-26   2.01787889E-26
  2.884000E+02   5.20940964E-26   3.26839101E-26   1.94101863E-26
  2.917000E+02   5.02349194E-26   3.15613679E-26   1.86735515E-26
  2.951000E+02   4.83802787E-26   3.04336785E-26   1.79466002E-26
  2.985000E+02   4.65859254E-26   2.93352030E-26   1.72507224E-26
  3.020000E+02   4.48929385E-26   2.83150239E-26   1.65779146E-26
  3.055000E+02   4.33227178E-26   2.73799246E-26   1.59427932E-26
  3.090000E+02   4.18037472E-26   2.64692893E-26   1.53344579E-26
  3.126000E+02   4.02933901E-26   2.55579316E-26   1.47354585E-26
  3.162000E+02   3.88342898E-26   2.46719438E-26   1.41623460E-26
  3.199000E+02   3.73864981E-26   2.37874361E-26   1.35990620E-26
  3.236000E+02   3.59896594E-26   2.29289813E-26   1.30606781E-26
  3.273000E+02   3.46421803E-26   2.20961449E-26   1.25460354E-26
  3.311000E+02   3.33080114E-26   2.12669773E-26   1.20410341E-26
  3.350000E+02   3.19893904E-26   2.04430204E-26   1.15463700E-26
  3.388000E+02   3.07522606E-26   1.96659629E-26   1.10862976E-26
  3.428000E+02   2.94990781E-26   1.88748552E-26   1.06242229E-26
  3.467000E+02   2.83239527E-26   1.81293968E-26   1.01945559E-26
  3.508000E+02   2.71834541E-26   1.74195147E-26   9.76393944E-27
  3.548000E+02   2.61651569E-26   1.68001165E-26   9.36504042E-27
  3.589000E+02   2.51700161E-26   1.61861509E-26   8.98386515E-27
  3.631000E+02   2.41901289E-26   1.55785755E-26   8.61155340E-27
  3.673000E+02   2.32487047E-26   1.49920118E-26   8.25669285E-27
  3.715000E+02   2.23442420E-26   1.44258454E-26   7.91839656E-27
  3.758000E+02   2.14550210E-26   1.38666922E-26   7.58832881E-27
  3.802000E+02   2.05820816E-26   1.33153260E-26   7.26675562E-27
  3.846000E+02   1.97449873E-26   1.27843066E-26   6.96068071E-27
  3.890000E+02   1.89422435E-26   1.22729566E-26   6.66928689E-27
  3.935000E+02   1.81552882E-26   1.17696366E-26   6.38565161E-27
  3.981000E+02   1.73848898E-26   1.12749506E-26   6.10993919E-27
  4.027000E+02   1.66898140E-26   1.08419841E-26   5.84782988E-27
  4.074000E+02   1.60155603E-26   1.04222570E-26   5.59330328E-27
  4.121000E+02   1.53700129E-26   1.00185499E-26   5.35146292E-27
  4.169000E+02   1.47434220E-26   9.62217532E-27   5.12124668E-27
  4.217000E+02   1.41450370E-26   9.24128382E-27   4.90375317E-27
  4.266000E+02   1.35604733E-26   8.86781209E-27   4.69266121E-27
  4.315000E+02   1.30012573E-26   8.50924737E-27   4.49200990E-27
  4.365000E+02   1.24555503E-26   8.15811871E-27   4.29743155E-27
  4.416000E+02   1.19236492E-26   7.81469634E-27   4.10895288E-27
  4.467000E+02   1.14155305E-26   7.48553298E-27   3.92999747E-27
  4.519000E+02   1.09369450E-26   7.18016200E-27   3.75678303E-27
  4.571000E+02   1.04885970E-26   6.89621838E-27   3.59237863E-27
  4.624000E+02   1.00520812E-26   6.61872076E-27   3.43336048E-27
  4.677000E+02   9.63520981E-27   6.35273166E-27   3.28247816E-27
  4.731000E+02   9.22968384E-27   6.09304913E-27   3.13663471E-27
  4.786000E+02   8.83559183E-27   5.83979370E-27   2.99579813E-27
  4.842000E+02   8.45298748E-27   5.59306363E-27   2.85992385E-27
  4.898000E+02   8.08824813E-27   5.35705583E-27   2.73119230E-27
  4.955000E+02   7.73440226E-27   5.12734050E-27   2.60706176E-27
  5.012000E+02   7.40108775E-27   4.91073174E-27   2.49035601E-27
  5.070000E+02   7.09117374E-27   4.71037750E-27   2.38079624E-27
  5.129000E+02   6.79056258E-27   4.51547024E-27   2.27509233E-27
  5.188000E+02   6.50396597E-27   4.32912074E-27   2.17484523E-27
  5.248000E+02   6.22614299E-27   4.14797486E-27   2.07816813E-27
  5.309000E+02   5.95704885E-27   3.97204209E-27   1.98500676E-27
  5.370000E+02   5.70071990E-27   3.80401016E-27   1.89670974E-27
  5.432000E+02   5.45258122E-27   3.64092672E-27   1.81165450E-27
  5.495000E+02   5.21432005E-27   3.48453834E-27   1.72978171E-27
  5.559000E+02   4.99013968E-27   3.33911184E-27   1.65102784E-27
  5.623000E+02   4.77672718E-27   3.20026819E-27   1.57645899E-27
  5.688000E+02   4.57040855E-27   3.06565883E-27   1.50474972E-27
  5.754000E+02   4.37108746E-27   2.93525183E-27   1.43583563E-27
  5.821000E+02   4.17865758E-27   2.80900781E-27   1.36964977E-27
  5.888000E+02   3.99566603E-27   2.68863426E-27   1.30703176E-27
  5.957000E+02   3.81653160E-27   2.57048798E-27   1.24604362E-27
  6.026000E+02   3.64857556E-27   2.46018922E-27   1.18838634E-27
  6.095000E+02   3.49005266E-27   2.35619924E-27   1.13385343E-27
  6.166000E+02   3.33501860E-27   2.25421983E-27   1.08079877E-27
  6.237000E+02   3.18855478E-27   2.15790112E-27   1.03065366E-27
  6.310000E+02   3.04624212E-27   2.06430327E-27   9.81938851E-28
  6.383000E+02   2.91119944E-27   1.97527462E-27   9.35924815E-28
  6.457000E+02   2.78242173E-27   1.89055938E-27   8.91862353E-28
  6.531000E+02   2.66010772E-27   1.80987250E-27   8.50235226E-28
  6.607000E+02   2.54119754E-27   1.73134044E-27   8.09857098E-28
  6.683000E+02   2.42887473E-27   1.65714287E-27   7.71731863E-28
  6.761000E+02   2.31946622E-27   1.58467046E-27   7.34795759E-28
  6.839000E+02   2.21641112E-27   1.51647300E-27   6.99938122E-28
  6.918000E+02   2.11757485E-27   1.45095914E-27   6.66615709E-28
  6.998000E+02   2.02261335E-27   1.38784005E-27   6.34773298E-28
  7.080000E+02   1.93259584E-27   1.32757615E-27   6.05019690E-28
  7.161000E+02   1.84826215E-27   1.27098744E-27   5.77274715E-28
  7.244000E+02   1.76621969E-27   1.21582165E-27   5.50398032E-28
  7.328000E+02   1.68743476E-27   1.16273712E-27   5.24697645E-28
  7.413000E+02   1.61180585E-27   1.11167577E-27   5.00130077E-28
  7.499000E+02   1.53923234E-27   1.06257961E-27   4.76652727E-28
  7.586000E+02   1.47057109E-27   1.01634716E-27   4.54223925E-28
  7.674000E+02   1.40472395E-27   9.71920980E-28   4.32802972E-28
  7.762000E+02   1.34226984E-27   9.29696335E-28   4.12573510E-28
  7.852000E+02   1.28169824E-27   8.88660552E-28   3.93037690E-28
  7.943000E+02   1.22364698E-27   8.49252519E-28   3.74394460E-28
  8.035000E+02   1.16854569E-27   8.11938423E-28   3.56607269E-28
  8.128000E+02   1.11600242E-27   7.76361772E-28   3.39640651E-28
  8.222000E+02   1.06567003E-27   7.42209799E-28   3.23460234E-28
  8.318000E+02   1.01697353E-27   7.09098455E-28   3.07875074E-28
  8.414000E+02   9.70847058E-28   6.77669800E-28   2.93177259E-28
  8.511000E+02   9.26692393E-28   6.47523804E-28   2.79168589E-28
  8.610000E+02   8.84014906E-28   6.18328078E-28   2.65686828E-28
  8.710000E+02   8.43205669E-28   5.90355271E-28   2.52850398E-28
  8.810000E+02   8.04566190E-28   5.63818566E-28   2.40747624E-28
  8.912000E+02   7.67252492E-28   5.38143755E-28   2.29108737E-28
  9.016000E+02   7.31362435E-28   5.13435379E-28   2.17927056E-28
  9.120000E+02   6.97877819E-28   4.90486385E-28   2.07391434E-28
  9.226000E+02   6.65577701E-28   4.68304040E-28   1.97273661E-28
  9.333000E+02   6.34729215E-28   4.47075916E-28   1.87653299E-28
  9.441000E+02   6.05270829E-28   4.26764221E-28   1.78506608E-28
  9.550000E+02   5.77143263E-28   4.07332386E-28   1.69810877E-28
  9.660000E+02   5.50289443E-28   3.88745048E-28   1.61544395E-28
  9.772000E+02   5.24429896E-28   3.70812171E-28   1.53617725E-28
  9.885000E+02   4.99760706E-28   3.53672982E-28   1.46087724E-28
  1.000000E+03   4.76036135E-28   3.37160772E-28   1.38875363E-28
  1.012000E+03   4.53335827E-28   3.21409873E-28   1.31925954E-28
  1.023000E+03   4.33636718E-28   3.07718383E-28   1.25918335E-28
  1.035000E+03   4.13281932E-28   2.93547973E-28   1.19733958E-28
  1.047000E+03   3.94038706E-28   2.80129011E-28   1.13909695E-28
  1.059000E+03   3.75837267E-28   2.67415839E-28   1.08421428E-28
  1.072000E+03   3.57219595E-28   2.54390449E-28   1.02829146E-28
  1.084000E+03   3.40985615E-28   2.43014435E-28   9.79711805E-29
  1.096000E+03   3.25607770E-28   2.32222120E-28   9.33856502E-29
  1.109000E+03   3.09854474E-28   2.21149415E-28   8.87050595E-29
  1.122000E+03   2.94983845E-28   2.10680937E-28   8.43029080E-29
  1.135000E+03   2.80939104E-28   2.00778972E-28   8.01601320E-29
  1.148000E+03   2.67667596E-28   1.91408458E-28   7.62591384E-29
  1.161000E+03   2.55120462E-28   1.82536783E-28   7.25836789E-29
  1.175000E+03   2.42366290E-28   1.73505773E-28   6.88605162E-29
  1.188000E+03   2.31182323E-28   1.65575544E-28   6.56067797E-29
  1.202000E+03   2.19825343E-28   1.57517957E-28   6.23073864E-29
  1.216000E+03   2.09265171E-28   1.50056781E-28   5.92083899E-29
  1.230000E+03   1.99293422E-28   1.43001121E-28   5.62923014E-29
  1.244000E+03   1.89931488E-28   1.36378078E-28   5.35534101E-29
  1.259000E+03   1.80609827E-28   1.29799619E-28   5.08102088E-29
  1.274000E+03   1.71822563E-28   1.23588714E-28   4.82338492E-29
  1.288000E+03   1.64072070E-28   1.18102621E-28   4.59694486E-29
  1.303000E+03   1.56220177E-28   1.12536860E-28   4.36833177E-29
  1.318000E+03   1.48806399E-28   1.07274113E-28   4.15322857E-29
  1.334000E+03   1.41349571E-28   1.01973166E-28   3.93764049E-29
  1.349000E+03   1.34754278E-28   9.72780682E-29   3.74762103E-29
  1.365000E+03   1.28113392E-28   9.25440375E-29   3.55693543E-29
  1.380000E+03   1.22233431E-28   8.83468423E-29   3.38865890E-29
  1.396000E+03   1.16306570E-28   8.41106745E-29   3.21958958E-29
  1.412000E+03   1.10713147E-28   8.01076086E-29   3.06055385E-29
  1.429000E+03   1.05111372E-28   7.60933223E-29   2.90180498E-29
  1.445000E+03   1.00139272E-28   7.25257339E-29   2.76135384E-29
  1.462000E+03   9.51542642E-29   6.89444701E-29   2.62097940E-29
  1.479000E+03   9.04560511E-29   6.55650746E-29   2.48909765E-29
  1.496000E+03   8.60256771E-29   6.23745186E-29   2.36511585E-29
  1.514000E+03   8.17377860E-29   5.93164552E-29   2.24213309E-29
  1.531000E+03   7.79509633E-29   5.66205735E-29   2.13303898E-29
  1.549000E+03   7.41657243E-29   5.39217755E-29   2.02439488E-29
  1.567000E+03   7.05961669E-29   5.13729126E-29   1.92232543E-29
  1.585000E+03   6.72280844E-29   4.89643675E-29   1.82637169E-29
  1.603000E+03   6.40483324E-29   4.66872234E-29   1.73611090E-29
  1.622000E+03   6.08828088E-29   4.44169929E-29   1.64658159E-29
  1.641000E+03   5.79003353E-29   4.22749409E-29   1.56253944E-29
  1.660000E+03   5.50886882E-29   4.02527233E-29   1.48359649E-29
  1.679000E+03   5.24365706E-29   3.83426128E-29   1.40939577E-29
  1.698000E+03   4.99335332E-29   3.65374477E-29   1.33960856E-29
  1.718000E+03   4.74491913E-29   3.47433545E-29   1.27058367E-29
  1.738000E+03   4.51088946E-29   3.30510113E-29   1.20578833E-29
  1.758000E+03   4.29030116E-29   3.14537770E-29   1.14492346E-29
  1.778000E+03   4.08226414E-29   2.99455021E-29   1.08771393E-29
  1.799000E+03   3.87643366E-29   2.84513268E-29   1.03130098E-29
  1.820000E+03   3.68265346E-29   2.70428443E-29   9.78369023E-30
  1.841000E+03   3.50011104E-29   2.57144087E-29   9.28670169E-30
  1.862000E+03   3.32805602E-29   2.44607955E-29   8.81976469E-30
  1.884000E+03   3.15830127E-29   2.32224715E-29   8.36054118E-30
  1.906000E+03   2.99855941E-29   2.20558132E-29   7.92978092E-30
  1.928000E+03   2.84815124E-29   2.09560649E-29   7.52544746E-30
  1.950000E+03   2.70644976E-29   1.99188286E-29   7.14566898E-30
  1.972000E+03   2.57287569E-29   1.89400334E-29   6.78872351E-30
  1.995000E+03   2.44133917E-29   1.79751444E-29   6.43824734E-30
  2.018000E+03   2.32134211E-29   1.71056678E-29   6.10775328E-30
  2.042000E+03   2.20455095E-29   1.62614948E-29   5.78401467E-30
  2.065000E+03   2.09910893E-29   1.54980975E-29   5.49299175E-30
  2.089000E+03   1.99538991E-29   1.47459735E-29   5.20792560E-30
  2.114000E+03   1.89373480E-29   1.40076223E-29   4.92972563E-30
  2.138000E+03   1.80185899E-29   1.33392516E-29   4.67933830E-30
  2.163000E+03   1.71170015E-29   1.26823712E-29   4.43463035E-30
  2.188000E+03   1.62681761E-29   1.20629987E-29   4.20517741E-30
  2.213000E+03   1.54685403E-29   1.14786640E-29   3.98987634E-30
  2.239000E+03   1.46855574E-29   1.09056694E-29   3.77988804E-30
  2.265000E+03   1.39487919E-29   1.03657246E-29   3.58306725E-30
  2.291000E+03   1.32550907E-29   9.85663414E-30   3.39845654E-30
  2.317000E+03   1.26015455E-29   9.37636792E-30   3.22517760E-30
  2.344000E+03   1.19624904E-29   8.90612628E-30   3.05636407E-30
  2.371000E+03   1.13610714E-29   8.46299895E-30   2.89807250E-30
  2.399000E+03   1.07743979E-29   8.03017810E-30   2.74421983E-30
  2.427000E+03   1.02228225E-29   7.62273370E-30   2.60008882E-30
  2.455000E+03   9.70392485E-30   7.23895714E-30   2.46496771E-30
  2.483000E+03   9.21728673E-30   6.87908281E-30   2.33820391E-30
  2.512000E+03   8.75636564E-30   6.54128087E-30   2.21508477E-30
  2.541000E+03   8.32250008E-30   6.22282204E-30   2.09967804E-30
  2.570000E+03   7.91385008E-30   5.92242593E-30   1.99142415E-30
  2.600000E+03   7.51583793E-30   5.62941966E-30   1.88641827E-30
  2.630000E+03   7.14126174E-30   5.35326534E-30   1.78799640E-30
  2.661000E+03   6.77712514E-30   5.08442184E-30   1.69270330E-30
  2.692000E+03   6.43468499E-30   4.83123794E-30   1.60344705E-30
  2.723000E+03   6.11244647E-30   4.59266147E-30   1.51978500E-30
  2.754000E+03   5.80903190E-30   4.36772057E-30   1.44131133E-30
  2.786000E+03   5.51422794E-30   4.14887410E-30   1.36535384E-30
  2.818000E+03   5.23683957E-30   3.94268714E-30   1.29415243E-30
  2.851000E+03   4.96776693E-30   3.74242400E-30   1.22534293E-30
  2.884000E+03   4.71475225E-30   3.55387351E-30   1.16087873E-30
  2.917000E+03   4.47669008E-30   3.37624762E-30   1.10044246E-30
  2.951000E+03   4.24597704E-30   3.20389676E-30   1.04208029E-30
  2.985000E+03   4.02902823E-30   3.04163520E-30   9.87393034E-31
  3.020000E+03   3.82354002E-30   2.88888610E-30   9.34653918E-31
  3.055000E+03   3.63344299E-30   2.74818481E-30   8.85258186E-31
  3.090000E+03   3.45447599E-30   2.61551516E-30   8.38960828E-31
  3.126000E+03   3.28121156E-30   2.48687492E-30   7.94336645E-31
  3.162000E+03   3.11816481E-30   2.36563610E-30   7.52528713E-31
  3.199000E+03   2.96050221E-30   2.24822397E-30   7.12278241E-31
  3.236000E+03   2.81219684E-30   2.13761540E-30   6.74581439E-31
  3.273000E+03   2.67260545E-30   2.03335432E-30   6.39251125E-31
  3.311000E+03   2.53768937E-30   1.93244031E-30   6.05249066E-31
  3.350000E+03   2.40750962E-30   1.83492876E-30   5.72580861E-31
  3.388000E+03   2.28818526E-30   1.74542298E-30   5.42762287E-31
  3.428000E+03   2.17004035E-30   1.65667916E-30   5.13361190E-31
  3.467000E+03   2.06170961E-30   1.57519588E-30   4.86513732E-31
  3.508000E+03   1.95461840E-30   1.49453634E-30   4.60082067E-31
  3.548000E+03   1.85638857E-30   1.42045261E-30   4.35935955E-31
  3.589000E+03   1.76166443E-30   1.34892035E-30   4.12744081E-31
  3.631000E+03   1.67045487E-30   1.27995323E-30   3.90501644E-31
  3.673000E+03   1.58473051E-30   1.21505124E-30   3.69679272E-31
  3.715000E+03   1.50411090E-30   1.15393856E-30   3.50172343E-31
  3.758000E+03   1.42649446E-30   1.09503079E-30   3.31463672E-31
  3.802000E+03   1.35187037E-30   1.03832552E-30   3.13544845E-31
  3.846000E+03   1.28175995E-30   9.84986715E-31   2.96773239E-31
  3.890000E+03   1.21584890E-30   9.34784772E-31   2.81064133E-31
  3.936000E+03   1.15111800E-30   8.85425178E-31   2.65692820E-31
  3.981000E+03   1.09163703E-30   8.40017806E-31   2.51619225E-31
  4.027000E+03   1.03590062E-30   7.97755794E-31   2.38144822E-31
  4.074000E+03   9.83301859E-31   7.58042447E-31   2.25259412E-31
  4.121000E+03   9.33840273E-31   7.20640934E-31   2.13199339E-31
  4.169000E+03   8.86339109E-31   6.84667900E-31   2.01671209E-31
  4.217000E+03   8.41671478E-31   6.50790564E-31   1.90880913E-31
  4.266000E+03   7.98792821E-31   6.18222462E-31   1.80570358E-31
  4.315000E+03   7.58471491E-31   5.87552534E-31   1.70918957E-31
  4.365000E+03   7.19780377E-31   5.58080702E-31   1.61699674E-31
  4.416000E+03   6.82690462E-31   5.29788477E-31   1.52901986E-31
  4.467000E+03   6.47831709E-31   5.03161017E-31   1.44670692E-31
  4.519000E+03   6.14426002E-31   4.77608362E-31   1.36817640E-31
  4.571000E+03   5.83027335E-31   4.53558358E-31   1.29468977E-31
  4.624000E+03   5.52946013E-31   4.30486626E-31   1.22459387E-31
  4.677000E+03   5.24669364E-31   4.08770541E-31   1.15898823E-31
  4.732000E+03   4.97100144E-31   3.87570137E-31   1.09530007E-31
  4.786000E+03   4.71667894E-31   3.67987943E-31   1.03679951E-31
  4.842000E+03   4.46885293E-31   3.48881915E-31   9.80033782E-32
  4.898000E+03   4.23609882E-31   3.30915423E-31   9.26944593E-32
  4.954000E+03   4.01736097E-31   3.14010325E-31   8.77257723E-32
  5.012000E+03   3.80618063E-31   2.97706523E-31   8.29115403E-32
  5.070000E+03   3.61344361E-31   2.82934544E-31   7.84098170E-32
  5.129000E+03   3.42914524E-31   2.68787503E-31   7.41270215E-32
  5.188000E+03   3.25588252E-31   2.55467307E-31   7.01209449E-32
  5.248000E+03   3.09021194E-31   2.42711655E-31   6.63095391E-32
  5.309000E+03   2.93190542E-31   2.30504799E-31   6.26857424E-32
  5.370000E+03   2.78309572E-31   2.19013359E-31   5.92962125E-32
  5.432000E+03   2.64089925E-31   2.08016707E-31   5.60732182E-32
  5.495000E+03   2.50510554E-31   1.97500112E-31   5.30104419E-32
  5.559000E+03   2.37550277E-31   1.87448666E-31   5.01016105E-32
  5.623000E+03   2.25372247E-31   1.77990649E-31   4.73815984E-32
  5.688000E+03   2.13748512E-31   1.68950669E-31   4.47978431E-32
  5.754000E+03   2.02659938E-31   1.60315108E-31   4.23448306E-32
  5.821000E+03   1.92087472E-31   1.52070340E-31   4.00171322E-32
  5.888000E+03   1.82155818E-31   1.44315003E-31   3.78408144E-32
  5.957000E+03   1.72550226E-31   1.36804421E-31   3.57458049E-32
  6.026000E+03   1.63531787E-31   1.29743768E-31   3.37880199E-32
  6.095000E+03   1.55059145E-31   1.23102029E-31   3.19571159E-32
  6.166000E+03   1.46870593E-31   1.16674969E-31   3.01956246E-32
  6.237000E+03   1.39295951E-31   1.10746922E-31   2.85490283E-32
  6.310000E+03   1.32080155E-31   1.05113382E-31   2.69667733E-32
  6.383000E+03   1.25301882E-31   9.98135873E-32   2.54882943E-32
  6.456000E+03   1.18930443E-31   9.48246838E-32   2.41057589E-32
  6.531000E+03   1.12778488E-31   9.00007462E-32   2.27777420E-32
  6.607000E+03   1.06923309E-31   8.54029769E-32   2.15203324E-32
  6.683000E+03   1.01422612E-31   8.10775175E-32   2.03450944E-32
  6.761000E+03   9.61197670E-32   7.69018728E-32   1.92178941E-32
  6.839000E+03   9.11395604E-32   7.29749271E-32   1.81646333E-32
  6.918000E+03   8.64011876E-32   6.92336630E-32   1.71675246E-32
  6.998000E+03   8.18942795E-32   6.56704499E-32   1.62238297E-32
  7.080000E+03   7.76801646E-32   6.23599003E-32   1.53202643E-32
  7.161000E+03   7.37721007E-32   5.92858510E-32   1.44862497E-32
  7.244000E+03   7.00073839E-32   5.63199773E-32   1.36874065E-32
  7.328000E+03   6.64271882E-32   5.34951298E-32   1.29320583E-32
  7.413000E+03   6.30232211E-32   5.08052441E-32   1.22179770E-32
  7.499000E+03   5.97874862E-32   4.82444549E-32   1.15430313E-32
  7.586000E+03   5.67122801E-32   4.58070956E-32   1.09051845E-32
  7.674000E+03   5.37901889E-32   4.34876970E-32   1.03024919E-32
  7.762000E+03   5.10443227E-32   4.13050395E-32   9.73928324E-33
  7.852000E+03   4.84055198E-32   3.92045071E-32   9.20101265E-33
  7.943000E+03   4.58993903E-32   3.72067755E-32   8.69261478E-33
  8.035000E+03   4.35196213E-32   3.53071369E-32   8.21248437E-33
  8.128000E+03   4.12601620E-32   3.35010675E-32   7.75909446E-33
  8.222000E+03   3.91152164E-32   3.17842229E-32   7.33099349E-33
  8.318000E+03   3.70584759E-32   3.01357839E-32   6.92269205E-33
  8.414000E+03   3.51274165E-32   2.85860449E-32   6.54137157E-33
  8.511000E+03   3.32948642E-32   2.71134732E-32   6.18139094E-33
  8.610000E+03   3.15387861E-32   2.57005637E-32   5.83822241E-33
  8.710000E+03   2.98738438E-32   2.43593025E-32   5.51454123E-33
  8.810000E+03   2.83105715E-32   2.30984046E-32   5.21216690E-33
  8.912000E+03   2.68133610E-32   2.18893404E-32   4.92402063E-33
  9.016000E+03   2.53874314E-32   2.07377359E-32   4.64969547E-33
  9.120000E+03   2.40781049E-32   1.96845801E-32   4.39352479E-33
  9.226000E+03   2.28247122E-32   1.86750358E-32   4.14967638E-33
  9.332000E+03   2.16474341E-32   1.77255227E-32   3.92191144E-33
  9.441000E+03   2.05105934E-32   1.68074064E-32   3.70318698E-33
  9.550000E+03   1.94432519E-32   1.59442885E-32   3.49896344E-33
  9.660000E+03   1.84315889E-32   1.51251480E-32   3.30644089E-33
  9.772000E+03   1.74643314E-32   1.43409741E-32   3.12335735E-33
  9.886000E+03   1.65402578E-32   1.35908744E-32   2.94938339E-33
  1.000000E+04   1.56725461E-32   1.28856072E-32   2.78693888E-33
  1.012000E+04   1.47898181E-32   1.21623851E-32   2.62743300E-33
  1.023000E+04   1.40303483E-32   1.15395650E-32   2.49078332E-33
  1.035000E+04   1.32521888E-32   1.09008421E-32   2.35134677E-33
  1.047000E+04   1.25228682E-32   1.03016633E-32   2.22120492E-33
  1.059000E+04   1.18388833E-32   9.73924013E-33   2.09964315E-33
  1.072000E+04   1.11453323E-32   9.16845426E-33   1.97687807E-33
  1.084000E+04   1.05457567E-32   8.67459647E-33   1.87116025E-33
  1.096000E+04   9.98239460E-33   8.21021051E-33   1.77218409E-33
  1.109000E+04   9.42072623E-33   7.74873322E-33   1.67199301E-33
  1.122000E+04   8.89949870E-33   7.32094313E-33   1.57855557E-33
  1.135000E+04   8.41096764E-33   6.91962129E-33   1.49134635E-33
  1.148000E+04   7.95278747E-33   6.54290140E-33   1.40988607E-33
  1.161000E+04   7.52280299E-33   6.18906587E-33   1.33373712E-33
  1.175000E+04   7.08900527E-33   5.83179287E-33   1.25721240E-33
  1.188000E+04   6.71142820E-33   5.52057268E-33   1.19085552E-33
  1.202000E+04   6.33001893E-33   5.20595264E-33   1.12406630E-33
  1.216000E+04   5.97288609E-33   4.91113425E-33   1.06175184E-33
  1.230000E+04   5.63827012E-33   4.63470435E-33   1.00356577E-33
  1.244000E+04   5.32890583E-33   4.37978005E-33   9.49125779E-34
  1.259000E+04   5.02905589E-33   4.13449994E-33   8.94555954E-34
  1.274000E+04   4.74846879E-33   3.90472904E-33   8.43739744E-34
  1.288000E+04   4.50271207E-33   3.70327925E-33   7.99432828E-34
  1.303000E+04   4.25544397E-33   3.50039691E-33   7.55047058E-34
  1.318000E+04   4.02359943E-33   3.30998967E-33   7.13609760E-34
  1.334000E+04   3.79205844E-33   3.11965468E-33   6.72403757E-34
  1.349000E+04   3.58869649E-33   2.95233537E-33   6.36361116E-34
  1.365000E+04   3.38533177E-33   2.78487263E-33   6.00459139E-34
  1.380000E+04   3.20648607E-33   2.63748199E-33   5.69004073E-34
  1.396000E+04   3.02741297E-33   2.48979158E-33   5.37621391E-34
  1.412000E+04   2.85955904E-33   2.35125095E-33   5.08308093E-34
  1.429000E+04   2.69261142E-33   2.21335837E-33   4.79253055E-34
  1.445000E+04   2.54543716E-33   2.09171459E-33   4.53722575E-34
  1.462000E+04   2.39886956E-33   1.97049435E-33   4.28375208E-34
  1.479000E+04   2.26167647E-33   1.85695689E-33   4.04719575E-34
  1.496000E+04   2.13317635E-33   1.75055180E-33   3.82624550E-34
  1.514000E+04   2.01318137E-33   1.65238326E-33   3.60798112E-34
  1.531000E+04   1.90876455E-33   1.56721340E-33   3.41551146E-34
  1.549000E+04   1.80498405E-33   1.48247716E-33   3.22506891E-34
  1.567000E+04   1.70767935E-33   1.40294907E-33   3.04730288E-34
  1.585000E+04   1.61638582E-33   1.32826244E-33   2.88123383E-34
  1.603000E+04   1.53067664E-33   1.25807982E-33   2.72596824E-34
  1.622000E+04   1.44583109E-33   1.18854142E-33   2.57289672E-34
  1.641000E+04   1.36634697E-33   1.12333909E-33   2.43007885E-34
  1.660000E+04   1.29183573E-33   1.06216397E-33   2.29671763E-34
  1.679000E+04   1.22194073E-33   1.00473208E-33   2.17208648E-34
  1.698000E+04   1.15633433E-33   9.50782106E-34   2.05552223E-34
  1.718000E+04   1.09157724E-33   8.97489973E-34   1.94087266E-34
  1.738000E+04   1.03091571E-33   8.47531146E-34   1.83384567E-34
  1.758000E+04   9.74053688E-34   8.00668340E-34   1.73385348E-34
  1.778000E+04   9.20719330E-34   7.56683352E-34   1.64035978E-34
  1.799000E+04   8.68241828E-34   7.13376831E-34   1.54864997E-34
  1.820000E+04   8.19112830E-34   6.72808064E-34   1.46304766E-34
  1.841000E+04   7.73088885E-34   6.34780752E-34   1.38308132E-34
  1.862000E+04   7.29946547E-34   5.99114469E-34   1.30832078E-34
  1.884000E+04   6.87617069E-34   5.64101458E-34   1.23515611E-34
  1.906000E+04   6.48008412E-34   5.31322236E-34   1.16686176E-34
  1.928000E+04   6.10921991E-34   5.00615785E-34   1.10306206E-34
  1.950000E+04   5.76175580E-34   4.71834155E-34   1.04341425E-34
  1.972000E+04   5.43601801E-34   4.44841278E-34   9.87605229E-35
  1.995000E+04   5.11703544E-34   4.18398193E-34   9.33053513E-35
  2.018000E+04   4.83733354E-34   3.95524757E-34   8.82085969E-35
  2.042000E+04   4.56919922E-34   3.73677019E-34   8.32429033E-35
  2.065000E+04   4.32818465E-34   3.54022166E-34   7.87962984E-35
  2.089000E+04   4.09213913E-34   3.34756699E-34   7.44572135E-35
  2.114000E+04   3.86182918E-34   3.15943882E-34   7.02390359E-35
  2.138000E+04   3.65460177E-34   2.99003193E-34   6.64569839E-35
  2.163000E+04   3.45214343E-34   2.82439879E-34   6.27744649E-35
  2.188000E+04   3.26238389E-34   2.66904023E-34   5.93343659E-35
  2.213000E+04   3.08441220E-34   2.52323000E-34   5.61182206E-35
  2.239000E+04   2.91092726E-34   2.38099845E-34   5.29928805E-35
  2.265000E+04   2.74842286E-34   2.24768080E-34   5.00742059E-35
  2.291000E+04   2.59610594E-34   2.12264204E-34   4.73463902E-35
  2.317000E+04   2.45324819E-34   2.00529821E-34   4.47949980E-35
  2.344000E+04   2.31419073E-34   1.89101002E-34   4.23180716E-35
  2.371000E+04   2.18392385E-34   1.78388712E-34   4.00036725E-35
  2.399000E+04   2.05744179E-34   1.67982130E-34   3.77620496E-35
  2.427000E+04   1.93908721E-34   1.58239306E-34   3.56694148E-35
  2.455000E+04   1.82826708E-34   1.49112384E-34   3.37143240E-35
  2.483000E+04   1.72521221E-34   1.40634892E-34   3.18863295E-35
  2.512000E+04   1.63093980E-34   1.32977123E-34   3.01168576E-35
  2.541000E+04   1.54254546E-34   1.25790751E-34   2.84637947E-35
  2.570000E+04   1.45960898E-34   1.19042604E-34   2.69182938E-35
  2.600000E+04   1.37914527E-34   1.12490437E-34   2.54240898E-35
  2.630000E+04   1.30371656E-34   1.06343487E-34   2.40281692E-35
  2.661000E+04   1.23068039E-34   1.00386993E-34   2.26810460E-35
  2.692000E+04   1.16227064E-34   9.48036812E-35   2.14233826E-35
  2.723000E+04   1.09815244E-34   8.95669230E-35   2.02483210E-35
  2.754000E+04   1.03801837E-34   8.46522384E-35   1.91495987E-35
  2.786000E+04   9.79824146E-35   7.98929733E-35   1.80894413E-35
  2.818000E+04   9.25288851E-35   7.54301094E-35   1.70987757E-35
  2.851000E+04   8.72604339E-35   7.11160578E-35   1.61443761E-35
  2.884000E+04   8.23268499E-35   6.70738221E-35   1.52530278E-35
  2.917000E+04   7.77039219E-35   6.32839963E-35   1.44199256E-35
  2.951000E+04   7.32423488E-35   5.96244861E-35   1.36178628E-35
  2.985000E+04   6.90646251E-35   5.61960411E-35   1.28685840E-35
  3.020000E+04   6.52584244E-35   5.31102438E-35   1.21481805E-35
  3.055000E+04   6.18456435E-35   5.03701648E-35   1.14754787E-35
  3.090000E+04   5.86407891E-35   4.77939520E-35   1.08468371E-35
  3.126000E+04   5.55458844E-35   4.53031854E-35   1.02426990E-35
  3.162000E+04   5.26408443E-35   4.29624950E-35   9.67834930E-36
  3.199000E+04   4.98388261E-35   4.07022157E-35   9.13661031E-36
  3.236000E+04   4.72097640E-35   3.85790462E-35   8.63071782E-36
  3.273000E+04   4.47413474E-35   3.65834085E-35   8.15793881E-36
  3.311000E+04   4.23615557E-35   3.46573272E-35   7.70422848E-36
  3.350000E+04   4.00711158E-35   3.28015485E-35   7.26956723E-36
  3.388000E+04   3.79769191E-35   3.11029789E-35   6.87394018E-36
  3.428000E+04   3.59086076E-35   2.94236616E-35   6.48494596E-36
  3.467000E+04   3.40168615E-35   2.78861315E-35   6.13072998E-36
  3.508000E+04   3.21514507E-35   2.63684828E-35   5.78296790E-36
  3.548000E+04   3.04446967E-35   2.49785416E-35   5.46615507E-36
  3.589000E+04   2.88029474E-35   2.36402590E-35   5.16268847E-36
  3.631000E+04   2.72261004E-35   2.23536597E-35   4.87244076E-36
  3.673000E+04   2.57478309E-35   2.11463683E-35   4.60146259E-36
  3.715000E+04   2.43610737E-35   2.00127921E-35   4.34828155E-36
  3.758000E+04   2.30293296E-35   1.89232235E-35   4.10610608E-36
  3.802000E+04   2.17521935E-35   1.78774190E-35   3.87477450E-36
  3.846000E+04   2.05553765E-35   1.68965479E-35   3.65882863E-36
  3.890000E+04   1.94331020E-35   1.59760109E-35   3.45709117E-36
  3.936000E+04   1.83337628E-35   1.50735534E-35   3.26020935E-36
  3.981000E+04   1.73262008E-35   1.42457815E-35   3.08041927E-36
