# Polarized extinction per H: this code vs HD23 release
# lambda[um]  ours[cm^2/H]  reference[cm^2/H]  ratio
  1.000000E-01 -4.507702E-25 -4.504300E-25  1.000755E+00
  1.012700E-01 -3.560258E-25 -3.547200E-25  1.003681E+00
  1.025600E-01 -2.612256E-25 -2.584700E-25  1.010661E+00
  1.038600E-01 -1.571504E-25 -1.592200E-25  9.870015E-01
  1.051800E-01 -5.150679E-26 -5.407400E-26  9.525241E-01
  1.065200E-01  5.194219E-26  5.474000E-26  9.488891E-01
  1.078700E-01  1.592120E-25  1.642900E-25  9.690915E-01
  1.092400E-01  2.684782E-25  2.757100E-25  9.737701E-01
  1.106300E-01  3.860985E-25  3.879500E-25  9.952275E-01
  1.120300E-01  4.982609E-25  5.030000E-25  9.905783E-01
  1.134600E-01  6.171599E-25  6.201500E-25  9.951784E-01
  1.149000E-01  7.348689E-25  7.380800E-25  9.956494E-01
  1.163600E-01  8.611568E-25  8.646700E-25  9.959370E-01
  1.178300E-01  9.903008E-25  9.956800E-25  9.945975E-01
  1.193300E-01  1.120388E-24  1.128600E-24  9.927236E-01
  1.208500E-01  1.263321E-24  1.262800E-24  1.000412E+00
  1.223800E-01  1.401528E-24  1.398400E-24  1.002237E+00
  1.239400E-01  1.534280E-24  1.530100E-24  1.002732E+00
  1.255100E-01  1.653820E-24  1.654700E-24  9.994682E-01
  1.271100E-01  1.776592E-24  1.781900E-24  9.970210E-01
  1.287200E-01  1.914887E-24  1.913700E-24  1.000620E+00
  1.303600E-01  2.046369E-24  2.048600E-24  9.989109E-01
  1.320100E-01  2.193682E-24  2.192300E-24  1.000630E+00
  1.336900E-01  2.341749E-24  2.338700E-24  1.001304E+00
  1.353900E-01  2.484882E-24  2.489500E-24  9.981449E-01
  1.371100E-01  2.638130E-24  2.643300E-24  9.980440E-01
  1.388500E-01  2.810096E-24  2.806900E-24  1.001139E+00
  1.406100E-01  2.975861E-24  2.975500E-24  1.000121E+00
  1.424000E-01  3.138331E-24  3.140700E-24  9.992458E-01
  1.442100E-01  3.299804E-24  3.305500E-24  9.982768E-01
  1.460400E-01  3.464093E-24  3.469200E-24  9.985279E-01
  1.479000E-01  3.620093E-24  3.623800E-24  9.989769E-01
  1.497800E-01  3.762798E-24  3.768800E-24  9.984074E-01
  1.516800E-01  3.905259E-24  3.910900E-24  9.985577E-01
  1.536100E-01  4.046957E-24  4.048200E-24  9.996929E-01
  1.555600E-01  4.175212E-24  4.176600E-24  9.996676E-01
  1.575300E-01  4.292241E-24  4.291700E-24  1.000126E+00
  1.595400E-01  4.397943E-24  4.402800E-24  9.988969E-01
  1.615600E-01  4.504644E-24  4.509700E-24  9.988790E-01
  1.636100E-01  4.608536E-24  4.612400E-24  9.991622E-01
  1.656900E-01  4.713743E-24  4.711500E-24  1.000476E+00
  1.678000E-01  4.801887E-24  4.800300E-24  1.000331E+00
  1.699300E-01  4.883718E-24  4.883700E-24  1.000004E+00
  1.720900E-01  4.973020E-24  4.973500E-24  9.999035E-01
  1.742700E-01  5.051667E-24  5.061300E-24  9.980968E-01
  1.764900E-01  5.133117E-24  5.136500E-24  9.993413E-01
  1.787300E-01  5.230013E-24  5.229900E-24  1.000022E+00
  1.810000E-01  5.336099E-24  5.338500E-24  9.995503E-01
  1.833000E-01  5.415200E-24  5.422200E-24  9.987090E-01
  1.856300E-01  5.510244E-24  5.509000E-24  1.000226E+00
  1.879900E-01  5.641693E-24  5.638000E-24  1.000655E+00
  1.903800E-01  5.744457E-24  5.743900E-24  1.000097E+00
  1.927900E-01  5.791973E-24  5.792000E-24  9.999953E-01
  1.952400E-01  5.880278E-24  5.885500E-24  9.991127E-01
  1.977200E-01  6.014369E-24  6.021100E-24  9.988820E-01
  2.002400E-01  6.089954E-24  6.097000E-24  9.988444E-01
  2.027800E-01  6.141032E-24  6.148700E-24  9.987530E-01
  2.053600E-01  6.260210E-24  6.262100E-24  9.996982E-01
  2.079700E-01  6.391426E-24  6.392100E-24  9.998946E-01
  2.106100E-01  6.457572E-24  6.463600E-24  9.990674E-01
  2.132800E-01  6.529022E-24  6.535800E-24  9.989630E-01
  2.159900E-01  6.681842E-24  6.686100E-24  9.993632E-01
  2.187400E-01  6.828374E-24  6.835500E-24  9.989576E-01
  2.215200E-01  6.894436E-24  6.904900E-24  9.984845E-01
  2.243300E-01  6.973011E-24  6.983600E-24  9.984837E-01
  2.271800E-01  7.133259E-24  7.139600E-24  9.991119E-01
  2.300700E-01  7.288316E-24  7.294200E-24  9.991933E-01
  2.329900E-01  7.374489E-24  7.381800E-24  9.990096E-01
  2.359500E-01  7.462580E-24  7.468300E-24  9.992341E-01
  2.389500E-01  7.624712E-24  7.623100E-24  1.000211E+00
  2.419800E-01  7.781928E-24  7.785800E-24  9.995027E-01
  2.450600E-01  7.879698E-24  7.885000E-24  9.993276E-01
  2.481700E-01  7.966191E-24  7.968100E-24  9.997604E-01
  2.513200E-01  8.121431E-24  8.121300E-24  1.000016E+00
  2.545100E-01  8.299642E-24  8.297600E-24  1.000246E+00
  2.577500E-01  8.411720E-24  8.417600E-24  9.993014E-01
  2.610200E-01  8.503881E-24  8.510300E-24  9.992458E-01
  2.643400E-01  8.643651E-24  8.648100E-24  9.994855E-01
  2.677000E-01  8.816390E-24  8.821100E-24  9.994660E-01
  2.711000E-01  8.956107E-24  8.961600E-24  9.993871E-01
  2.745400E-01  9.054220E-24  9.064100E-24  9.989100E-01
  2.780300E-01  9.186300E-24  9.191900E-24  9.993908E-01
  2.815600E-01  9.366124E-24  9.365100E-24  1.000109E+00
  2.851400E-01  9.528493E-24  9.525000E-24  1.000367E+00
  2.887600E-01  9.635187E-24  9.637600E-24  9.997496E-01
  2.924300E-01  9.749253E-24  9.755500E-24  9.993596E-01
  2.961400E-01  9.915144E-24  9.915400E-24  9.999741E-01
  2.999100E-01  1.008064E-23  1.008200E-23  9.998656E-01
  3.037200E-01  1.021118E-23  1.021500E-23  9.996257E-01
  3.075800E-01  1.032823E-23  1.033300E-23  9.995384E-01
  3.114800E-01  1.047420E-23  1.047800E-23  9.996374E-01
  3.154400E-01  1.064830E-23  1.064600E-23  1.000216E+00
  3.194500E-01  1.078873E-23  1.079200E-23  9.996966E-01
  3.235100E-01  1.090279E-23  1.091100E-23  9.992474E-01
  3.276200E-01  1.104084E-23  1.104200E-23  9.998951E-01
  3.317800E-01  1.120760E-23  1.120100E-23  1.000589E+00
  3.359900E-01  1.136059E-23  1.135800E-23  1.000228E+00
  3.402600E-01  1.148973E-23  1.148700E-23  1.000238E+00
  3.445800E-01  1.160894E-23  1.161100E-23  9.998230E-01
  3.489600E-01  1.174950E-23  1.175300E-23  9.997019E-01
  3.533900E-01  1.190580E-23  1.190600E-23  9.999835E-01
  3.578800E-01  1.204270E-23  1.204400E-23  9.998925E-01
  3.624300E-01  1.216107E-23  1.216300E-23  9.998409E-01
  3.670400E-01  1.228980E-23  1.229100E-23  9.999027E-01
  3.717000E-01  1.243948E-23  1.243700E-23  1.000200E+00
  3.764200E-01  1.257916E-23  1.257700E-23  1.000171E+00
  3.812000E-01  1.270201E-23  1.269700E-23  1.000394E+00
  3.860500E-01  1.281335E-23  1.281200E-23  1.000105E+00
  3.909500E-01  1.294167E-23  1.293900E-23  1.000206E+00
  3.959200E-01  1.307823E-23  1.307300E-23  1.000400E+00
  4.009500E-01  1.320028E-23  1.319500E-23  1.000400E+00
  4.060400E-01  1.330662E-23  1.330300E-23  1.000272E+00
  4.112000E-01  1.341872E-23  1.341400E-23  1.000352E+00
  4.164200E-01  1.354441E-23  1.353500E-23  1.000695E+00
  4.217100E-01  1.365547E-23  1.365200E-23  1.000254E+00
  4.270700E-01  1.376008E-23  1.375400E-23  1.000442E+00
  4.325000E-01  1.385347E-23  1.385000E-23  1.000251E+00
  4.379900E-01  1.396519E-23  1.395400E-23  1.000802E+00
  4.435500E-01  1.406523E-23  1.405800E-23  1.000514E+00
  4.491900E-01  1.416163E-23  1.415400E-23  1.000539E+00
  4.549000E-01  1.424751E-23  1.423900E-23  1.000598E+00
  4.606800E-01  1.432640E-23  1.432300E-23  1.000237E+00
  4.665300E-01  1.441697E-23  1.441200E-23  1.000345E+00
  4.724500E-01  1.450952E-23  1.449600E-23  1.000932E+00
  4.784600E-01  1.457155E-23  1.456900E-23  1.000175E+00
  4.845400E-01  1.463831E-23  1.463800E-23  1.000021E+00
  4.906900E-01  1.470784E-23  1.470500E-23  1.000193E+00
  4.969200E-01  1.477453E-23  1.477300E-23  1.000104E+00
  5.032400E-01  1.483971E-23  1.483500E-23  1.000317E+00
  5.096300E-01  1.489697E-23  1.488700E-23  1.000670E+00
  5.161100E-01  1.494430E-23  1.493500E-23  1.000622E+00
  5.226600E-01  1.499042E-23  1.498500E-23  1.000362E+00
  5.293000E-01  1.503611E-23  1.503100E-23  1.000340E+00
  5.360300E-01  1.508066E-23  1.507200E-23  1.000575E+00
  5.428400E-01  1.510870E-23  1.510200E-23  1.000444E+00
  5.497300E-01  1.513416E-23  1.512900E-23  1.000341E+00
  5.567200E-01  1.517287E-23  1.515700E-23  1.001047E+00
  5.637900E-01  1.518609E-23  1.517500E-23  1.000731E+00
  5.709500E-01  1.519605E-23  1.518600E-23  1.000662E+00
  5.782100E-01  1.519989E-23  1.519200E-23  1.000520E+00
  5.855500E-01  1.520913E-23  1.519500E-23  1.000930E+00
  5.929900E-01  1.520771E-23  1.519300E-23  1.000968E+00
  6.005200E-01  1.520231E-23  1.518700E-23  1.001008E+00
  6.081500E-01  1.518697E-23  1.517400E-23  1.000855E+00
  6.158800E-01  1.516706E-23  1.515800E-23  1.000598E+00
  6.237000E-01  1.514861E-23  1.513800E-23  1.000701E+00
  6.316300E-01  1.512182E-23  1.511000E-23  1.000782E+00
  6.396500E-01  1.509403E-23  1.508000E-23  1.000930E+00
  6.477800E-01  1.505539E-23  1.504300E-23  1.000824E+00
  6.560100E-01  1.501642E-23  1.500200E-23  1.000961E+00
  6.643400E-01  1.496748E-23  1.495600E-23  1.000768E+00
  6.727800E-01  1.491760E-23  1.490300E-23  1.000980E+00
  6.813300E-01  1.485950E-23  1.484400E-23  1.001044E+00
  6.899800E-01  1.479256E-23  1.478200E-23  1.000714E+00
  6.987500E-01  1.472611E-23  1.471300E-23  1.000891E+00
  7.076300E-01  1.465383E-23  1.464200E-23  1.000808E+00
  7.166200E-01  1.457862E-23  1.456700E-23  1.000798E+00
  7.257200E-01  1.449263E-23  1.448200E-23  1.000734E+00
  7.349400E-01  1.440955E-23  1.439700E-23  1.000872E+00
  7.442800E-01  1.432020E-23  1.430700E-23  1.000923E+00
  7.537300E-01  1.421813E-23  1.421200E-23  1.000431E+00
  7.633100E-01  1.412213E-23  1.411100E-23  1.000789E+00
  7.730000E-01  1.401796E-23  1.400600E-23  1.000854E+00
  7.828200E-01  1.390991E-23  1.389800E-23  1.000857E+00
  7.927700E-01  1.379699E-23  1.378300E-23  1.001015E+00
  8.028400E-01  1.367419E-23  1.366800E-23  1.000453E+00
  8.130400E-01  1.355633E-23  1.354500E-23  1.000837E+00
  8.233700E-01  1.343022E-23  1.342200E-23  1.000613E+00
  8.338300E-01  1.330905E-23  1.329400E-23  1.001132E+00
  8.444200E-01  1.316959E-23  1.316100E-23  1.000652E+00
  8.551500E-01  1.303581E-23  1.302600E-23  1.000753E+00
  8.660100E-01  1.289582E-23  1.288700E-23  1.000685E+00
  8.770200E-01  1.275351E-23  1.274500E-23  1.000668E+00
  8.881600E-01  1.260620E-23  1.259800E-23  1.000651E+00
  8.994400E-01  1.245840E-23  1.244900E-23  1.000755E+00
  9.108700E-01  1.230553E-23  1.229600E-23  1.000775E+00
  9.224400E-01  1.215074E-23  1.214200E-23  1.000720E+00
  9.341600E-01  1.198832E-23  1.198100E-23  1.000611E+00
  9.460300E-01  1.183139E-23  1.182100E-23  1.000879E+00
  9.580500E-01  1.166310E-23  1.165500E-23  1.000695E+00
  9.702200E-01  1.149648E-23  1.148800E-23  1.000738E+00
  9.825400E-01  1.132382E-23  1.131700E-23  1.000603E+00
  9.950200E-01  1.114390E-23  1.113500E-23  1.000799E+00
  1.007700E+00  1.096325E-23  1.095300E-23  1.000936E+00
  1.020500E+00  1.078208E-23  1.077500E-23  1.000657E+00
  1.033400E+00  1.060441E-23  1.060100E-23  1.000322E+00
  1.046600E+00  1.042982E-23  1.042500E-23  1.000463E+00
  1.059900E+00  1.025033E-23  1.024800E-23  1.000227E+00
  1.073300E+00  1.007656E-23  1.007500E-23  1.000155E+00
  1.087000E+00  9.906201E-24  9.902200E-24  1.000404E+00
  1.100800E+00  9.740702E-24  9.733000E-24  1.000791E+00
  1.114700E+00  9.570017E-24  9.563800E-24  1.000650E+00
  1.128900E+00  9.402173E-24  9.395400E-24  1.000721E+00
  1.143300E+00  9.232813E-24  9.229800E-24  1.000326E+00
  1.157800E+00  9.064026E-24  9.066200E-24  9.997602E-01
  1.172500E+00  8.905723E-24  8.903400E-24  1.000261E+00
  1.187400E+00  8.745481E-24  8.738800E-24  1.000765E+00
  1.202500E+00  8.576591E-24  8.577700E-24  9.998708E-01
  1.217700E+00  8.419676E-24  8.415300E-24  1.000520E+00
  1.233200E+00  8.258993E-24  8.256500E-24  1.000302E+00
  1.248900E+00  8.106135E-24  8.100500E-24  1.000696E+00
  1.264700E+00  7.945126E-24  7.944100E-24  1.000129E+00
  1.280800E+00  7.779890E-24  7.781100E-24  9.998445E-01
  1.297100E+00  7.630347E-24  7.630300E-24  1.000006E+00
  1.313600E+00  7.493489E-24  7.495000E-24  9.997985E-01
  1.330300E+00  7.358307E-24  7.354800E-24  1.000477E+00
  1.347200E+00  7.210464E-24  7.209500E-24  1.000134E+00
  1.364300E+00  7.059046E-24  7.058300E-24  1.000106E+00
  1.381600E+00  6.890195E-24  6.892700E-24  9.996366E-01
  1.399100E+00  6.728834E-24  6.729900E-24  9.998416E-01
  1.416900E+00  6.579872E-24  6.574700E-24  1.000787E+00
  1.434900E+00  6.425690E-24  6.424900E-24  1.000123E+00
  1.453200E+00  6.278070E-24  6.280400E-24  9.996289E-01
  1.471600E+00  6.137348E-24  6.137800E-24  9.999264E-01
  1.490300E+00  5.997357E-24  5.999200E-24  9.996928E-01
  1.509200E+00  5.864570E-24  5.863500E-24  1.000182E+00
  1.528400E+00  5.729173E-24  5.728700E-24  1.000083E+00
  1.547800E+00  5.597785E-24  5.597400E-24  1.000069E+00
  1.567500E+00  5.471552E-24  5.470400E-24  1.000211E+00
  1.587400E+00  5.343184E-24  5.344200E-24  9.998099E-01
  1.607600E+00  5.217910E-24  5.220500E-24  9.995038E-01
  1.628000E+00  5.099089E-24  5.099200E-24  9.999783E-01
  1.648700E+00  4.981748E-24  4.980600E-24  1.000230E+00
  1.669600E+00  4.865016E-24  4.863800E-24  1.000250E+00
  1.690800E+00  4.748572E-24  4.749900E-24  9.997204E-01
  1.712300E+00  4.638144E-24  4.639500E-24  9.997077E-01
  1.734100E+00  4.529996E-24  4.530800E-24  9.998226E-01
  1.756100E+00  4.424004E-24  4.425600E-24  9.996393E-01
  1.778400E+00  4.319541E-24  4.322400E-24  9.993386E-01
  1.801000E+00  4.220962E-24  4.222000E-24  9.997543E-01
  1.823900E+00  4.122757E-24  4.124400E-24  9.996017E-01
  1.847100E+00  4.027660E-24  4.030100E-24  9.993946E-01
  1.870500E+00  3.936229E-24  3.938200E-24  9.994996E-01
  1.894300E+00  3.848429E-24  3.848900E-24  9.998775E-01
  1.918400E+00  3.761720E-24  3.762800E-24  9.997130E-01
  1.942700E+00  3.678190E-24  3.679800E-24  9.995626E-01
  1.967400E+00  3.597020E-24  3.600100E-24  9.991443E-01
  1.992400E+00  3.519453E-24  3.522300E-24  9.991916E-01
  2.017700E+00  3.444139E-24  3.448200E-24  9.988221E-01
  2.043300E+00  3.374990E-24  3.377000E-24  9.994048E-01
  2.069300E+00  3.304529E-24  3.308200E-24  9.988904E-01
  2.095600E+00  3.238404E-24  3.241400E-24  9.990757E-01
  2.122200E+00  3.176425E-24  3.178200E-24  9.994415E-01
  2.149200E+00  3.113957E-24  3.116400E-24  9.992161E-01
  2.176500E+00  3.055026E-24  3.057100E-24  9.993216E-01
  2.204100E+00  2.997766E-24  2.999700E-24  9.993553E-01
  2.232100E+00  2.942354E-24  2.944300E-24  9.993389E-01
  2.260500E+00  2.889432E-24  2.891100E-24  9.994231E-01
  2.289200E+00  2.835873E-24  2.838800E-24  9.989689E-01
  2.318300E+00  2.785505E-24  2.789000E-24  9.987470E-01
  2.347700E+00  2.737508E-24  2.740700E-24  9.988353E-01
  2.377600E+00  2.692146E-24  2.694900E-24  9.989782E-01
  2.407800E+00  2.648360E-24  2.650700E-24  9.991170E-01
  2.438400E+00  2.605384E-24  2.607500E-24  9.991884E-01
  2.469300E+00  2.563639E-24  2.566000E-24  9.990799E-01
  2.500700E+00  2.523717E-24  2.526200E-24  9.990169E-01
  2.532500E+00  2.485601E-24  2.488300E-24  9.989153E-01
  2.564700E+00  2.448407E-24  2.451700E-24  9.986569E-01
  2.597200E+00  2.414417E-24  2.417000E-24  9.989313E-01
  2.630200E+00  2.381723E-24  2.383900E-24  9.990868E-01
  2.663600E+00  2.350976E-24  2.352900E-24  9.991823E-01
  2.697500E+00  2.319296E-24  2.322200E-24  9.987493E-01
  2.731800E+00  2.291978E-24  2.294100E-24  9.990748E-01
  2.766500E+00  2.264496E-24  2.266600E-24  9.990720E-01
  2.801600E+00  2.239267E-24  2.241400E-24  9.990484E-01
  2.837200E+00  2.215801E-24  2.218000E-24  9.990085E-01
  2.873200E+00  2.193785E-24  2.196000E-24  9.989914E-01
  2.909700E+00  2.173216E-24  2.175300E-24  9.990419E-01
  2.946700E+00  2.154573E-24  2.156600E-24  9.990599E-01
  2.984100E+00  2.136332E-24  2.138800E-24  9.988459E-01
  3.022100E+00  2.121261E-24  2.123300E-24  9.990399E-01
  3.060500E+00  2.105101E-24  2.106900E-24  9.991462E-01
  3.099300E+00  2.088111E-24  2.090000E-24  9.990963E-01
  3.138700E+00  2.070606E-24  2.072600E-24  9.990380E-01
  3.178600E+00  2.051753E-24  2.053700E-24  9.990519E-01
  3.219000E+00  2.032263E-24  2.034100E-24  9.990968E-01
  3.259900E+00  2.010498E-24  2.012500E-24  9.990054E-01
  3.301300E+00  1.987360E-24  1.989500E-24  9.989246E-01
  3.343200E+00  1.986752E-24  1.988900E-24  9.989202E-01
  3.385700E+00  2.074934E-24  2.075500E-24  9.997274E-01
  3.428700E+00  2.077844E-24  2.079400E-24  9.992519E-01
  3.472300E+00  2.065731E-24  2.067500E-24  9.991443E-01
  3.516400E+00  2.013295E-24  2.015000E-24  9.991538E-01
  3.561000E+00  1.959460E-24  1.960800E-24  9.993167E-01
  3.606300E+00  1.895677E-24  1.897300E-24  9.991444E-01
  3.652100E+00  1.855428E-24  1.856900E-24  9.992072E-01
  3.698500E+00  1.829037E-24  1.830400E-24  9.992551E-01
  3.745500E+00  1.804852E-24  1.806500E-24  9.990878E-01
  3.793100E+00  1.782847E-24  1.784200E-24  9.992417E-01
  3.841200E+00  1.762354E-24  1.763700E-24  9.992368E-01
  3.890000E+00  1.741701E-24  1.742800E-24  9.993696E-01
  3.939500E+00  1.722245E-24  1.723400E-24  9.993299E-01
  3.989500E+00  1.704093E-24  1.705300E-24  9.992923E-01
  4.040200E+00  1.686218E-24  1.687600E-24  9.991812E-01
  4.091500E+00  1.669103E-24  1.670400E-24  9.992233E-01
  4.143500E+00  1.653259E-24  1.654200E-24  9.994313E-01
  4.196100E+00  1.638087E-24  1.638900E-24  9.995040E-01
  4.249500E+00  1.623724E-24  1.624800E-24  9.993377E-01
  4.303400E+00  1.610087E-24  1.611400E-24  9.991850E-01
  4.358100E+00  1.597256E-24  1.598800E-24  9.990344E-01
  4.413500E+00  1.585984E-24  1.586800E-24  9.994859E-01
  4.469500E+00  1.575028E-24  1.575700E-24  9.995734E-01
  4.526300E+00  1.564701E-24  1.565800E-24  9.992978E-01
  4.583800E+00  1.554873E-24  1.556000E-24  9.992759E-01
  4.642100E+00  1.545986E-24  1.547100E-24  9.992802E-01
  4.701000E+00  1.537922E-24  1.538800E-24  9.994295E-01
  4.760800E+00  1.530242E-24  1.531100E-24  9.994393E-01
  4.821200E+00  1.522309E-24  1.523400E-24  9.992837E-01
  4.882500E+00  1.515590E-24  1.516300E-24  9.995317E-01
  4.944500E+00  1.508714E-24  1.509600E-24  9.994129E-01
  5.007300E+00  1.501668E-24  1.503000E-24  9.991137E-01
  5.071000E+00  1.495700E-24  1.496400E-24  9.995324E-01
  5.135400E+00  1.489043E-24  1.489800E-24  9.994921E-01
  5.200600E+00  1.482819E-24  1.483200E-24  9.997434E-01
  5.266700E+00  1.475895E-24  1.476600E-24  9.995223E-01
  5.333600E+00  1.469451E-24  1.470100E-24  9.995583E-01
  5.401400E+00  1.463081E-24  1.463500E-24  9.997134E-01
  5.470000E+00  1.456799E-24  1.457300E-24  9.996565E-01
  5.539500E+00  1.450418E-24  1.451000E-24  9.995992E-01
  5.609800E+00  1.443629E-24  1.444400E-24  9.994661E-01
  5.681100E+00  1.436903E-24  1.437600E-24  9.995149E-01
  5.753300E+00  1.430671E-24  1.430900E-24  9.998398E-01
  5.826400E+00  1.422856E-24  1.423500E-24  9.995474E-01
  5.900400E+00  1.416019E-24  1.416700E-24  9.995192E-01
  5.975400E+00  1.409307E-24  1.409800E-24  9.996501E-01
  6.051300E+00  1.402052E-24  1.402600E-24  9.996090E-01
  6.128100E+00  1.394651E-24  1.395100E-24  9.996781E-01
  6.206000E+00  1.387218E-24  1.387700E-24  9.996530E-01
  6.284800E+00  1.379515E-24  1.379900E-24  9.997207E-01
  6.364700E+00  1.371587E-24  1.371900E-24  9.997715E-01
  6.445500E+00  1.363310E-24  1.363800E-24  9.996408E-01
  6.527400E+00  1.354301E-24  1.355100E-24  9.994100E-01
  6.610400E+00  1.345543E-24  1.346100E-24  9.995862E-01
  6.694300E+00  1.335476E-24  1.336100E-24  9.995331E-01
  6.779400E+00  1.331911E-24  1.332500E-24  9.995580E-01
  6.865500E+00  1.339794E-24  1.340100E-24  9.997719E-01
  6.952700E+00  1.315961E-24  1.316700E-24  9.994390E-01
  7.041100E+00  1.299363E-24  1.300000E-24  9.995103E-01
  7.130500E+00  1.287376E-24  1.287700E-24  9.997483E-01
  7.221100E+00  1.274559E-24  1.275100E-24  9.995756E-01
  7.312800E+00  1.260813E-24  1.261300E-24  9.996142E-01
  7.405700E+00  1.246310E-24  1.246700E-24  9.996873E-01
  7.499800E+00  1.230667E-24  1.231100E-24  9.996486E-01
  7.595100E+00  1.212762E-24  1.213100E-24  9.997213E-01
  7.691600E+00  1.192534E-24  1.192500E-24  1.000028E+00
  7.789300E+00  1.165784E-24  1.166100E-24  9.997292E-01
  7.888300E+00  1.140828E-24  1.141300E-24  9.995863E-01
  7.988500E+00  1.125075E-24  1.125400E-24  9.997109E-01
  8.090000E+00  1.119694E-24  1.120000E-24  9.997270E-01
  8.192700E+00  1.125983E-24  1.126200E-24  9.998071E-01
  8.296800E+00  1.157105E-24  1.157500E-24  9.996591E-01
  8.402200E+00  1.203169E-24  1.203600E-24  9.996417E-01
  8.509000E+00  1.255379E-24  1.255500E-24  9.999035E-01
  8.617100E+00  1.267192E-24  1.267400E-24  9.998355E-01
  8.726500E+00  1.278457E-24  1.279000E-24  9.995756E-01
  8.837400E+00  1.370848E-24  1.371500E-24  9.995246E-01
  8.949700E+00  1.503325E-24  1.503300E-24  1.000017E+00
  9.063400E+00  1.653883E-24  1.652500E-24  1.000837E+00
  9.178500E+00  1.848686E-24  1.846900E-24  1.000967E+00
  9.295100E+00  2.097979E-24  2.097200E-24  1.000371E+00
  9.413200E+00  2.383181E-24  2.383600E-24  9.998241E-01
  9.532800E+00  2.677231E-24  2.677200E-24  1.000012E+00
  9.653900E+00  2.956937E-24  2.955900E-24  1.000351E+00
  9.776500E+00  3.200151E-24  3.200700E-24  9.998286E-01
  9.900700E+00  3.390622E-24  3.391900E-24  9.996232E-01
  1.002700E+01  3.514436E-24  3.515800E-24  9.996120E-01
  1.015400E+01  3.562352E-24  3.563600E-24  9.996499E-01
  1.028300E+01  3.546534E-24  3.548500E-24  9.994461E-01
  1.041400E+01  3.495950E-24  3.497500E-24  9.995568E-01
  1.054600E+01  3.427792E-24  3.429900E-24  9.993853E-01
  1.068000E+01  3.352628E-24  3.352000E-24  1.000187E+00
  1.081500E+01  3.266990E-24  3.266600E-24  1.000119E+00
  1.095300E+01  3.174107E-24  3.172000E-24  1.000664E+00
  1.109200E+01  3.061597E-24  3.064000E-24  9.992158E-01
  1.123300E+01  2.932468E-24  2.932900E-24  9.998528E-01
  1.137600E+01  2.776529E-24  2.778000E-24  9.994706E-01
  1.152000E+01  2.627044E-24  2.629600E-24  9.990278E-01
  1.166700E+01  2.491799E-24  2.494400E-24  9.989575E-01
  1.181500E+01  2.367064E-24  2.364800E-24  1.000958E+00
  1.196500E+01  2.232802E-24  2.232100E-24  1.000315E+00
  1.211700E+01  2.092335E-24  2.094100E-24  9.991572E-01
  1.227100E+01  1.956839E-24  1.959200E-24  9.987951E-01
  1.242700E+01  1.835317E-24  1.839500E-24  9.977260E-01
  1.258500E+01  1.748128E-24  1.748400E-24  9.998445E-01
  1.274400E+01  1.693219E-24  1.694600E-24  9.991853E-01
  1.290600E+01  1.662150E-24  1.663000E-24  9.994891E-01
  1.307000E+01  1.631722E-24  1.632400E-24  9.995849E-01
  1.323600E+01  1.605637E-24  1.605900E-24  9.998360E-01
  1.340400E+01  1.582500E-24  1.582500E-24  9.999999E-01
  1.357500E+01  1.559270E-24  1.559500E-24  9.998528E-01
  1.374700E+01  1.538495E-24  1.538900E-24  9.997368E-01
  1.392200E+01  1.520708E-24  1.521500E-24  9.994793E-01
  1.409900E+01  1.506717E-24  1.507700E-24  9.993481E-01
  1.427800E+01  1.497552E-24  1.497900E-24  9.997679E-01
  1.445900E+01  1.492565E-24  1.493000E-24  9.997088E-01
  1.464300E+01  1.493722E-24  1.494200E-24  9.996801E-01
  1.482900E+01  1.501794E-24  1.502400E-24  9.995965E-01
  1.501700E+01  1.517767E-24  1.518100E-24  9.997806E-01
  1.520800E+01  1.540850E-24  1.541500E-24  9.995786E-01
  1.540100E+01  1.572107E-24  1.572500E-24  9.997498E-01
  1.559700E+01  1.609650E-24  1.610600E-24  9.994103E-01
  1.579500E+01  1.654628E-24  1.655300E-24  9.995941E-01
  1.599600E+01  1.706965E-24  1.706600E-24  1.000214E+00
  1.619900E+01  1.762532E-24  1.763600E-24  9.993943E-01
  1.640500E+01  1.823532E-24  1.825500E-24  9.989217E-01
  1.661300E+01  1.889472E-24  1.891100E-24  9.991390E-01
  1.682400E+01  1.957584E-24  1.958500E-24  9.995323E-01
  1.703800E+01  2.025754E-24  2.025300E-24  1.000224E+00
  1.725400E+01  2.088826E-24  2.089500E-24  9.996777E-01
  1.747400E+01  2.149200E-24  2.150100E-24  9.995814E-01
  1.769600E+01  2.205626E-24  2.205800E-24  9.999213E-01
  1.792100E+01  2.254936E-24  2.255500E-24  9.997500E-01
  1.814800E+01  2.296936E-24  2.298100E-24  9.994935E-01
  1.837900E+01  2.330941E-24  2.332300E-24  9.994175E-01
  1.861200E+01  2.356189E-24  2.356900E-24  9.996983E-01
  1.884900E+01  2.369200E-24  2.370100E-24  9.996203E-01
  1.908800E+01  2.370502E-24  2.370900E-24  9.998320E-01
  1.933100E+01  2.361376E-24  2.362300E-24  9.996089E-01
  1.957600E+01  2.341108E-24  2.342000E-24  9.996193E-01
  1.982500E+01  2.312026E-24  2.313100E-24  9.995356E-01
  2.007700E+01  2.280380E-24  2.281300E-24  9.995967E-01
  2.033200E+01  2.250939E-24  2.251500E-24  9.997507E-01
  2.059000E+01  2.221687E-24  2.222500E-24  9.996343E-01
  2.085200E+01  2.194566E-24  2.195600E-24  9.995291E-01
  2.111700E+01  2.170564E-24  2.170700E-24  9.999374E-01
  2.138500E+01  2.143856E-24  2.144400E-24  9.997464E-01
  2.165700E+01  2.117646E-24  2.118000E-24  9.998329E-01
  2.193200E+01  2.089598E-24  2.090000E-24  9.998076E-01
  2.221000E+01  2.056237E-24  2.056800E-24  9.997263E-01
  2.249200E+01  2.019269E-24  2.019200E-24  1.000034E+00
  2.277800E+01  1.977782E-24  1.977900E-24  9.999405E-01
  2.306800E+01  1.931024E-24  1.931900E-24  9.995468E-01
  2.336100E+01  1.884627E-24  1.885400E-24  9.995899E-01
  2.365700E+01  1.837256E-24  1.838100E-24  9.995409E-01
  2.395800E+01  1.790838E-24  1.791100E-24  9.998536E-01
  2.426200E+01  1.745626E-24  1.745200E-24  1.000244E+00
  2.457100E+01  1.700045E-24  1.700300E-24  9.998499E-01
  2.488300E+01  1.654963E-24  1.655400E-24  9.997363E-01
  2.519900E+01  1.611789E-24  1.611900E-24  9.999314E-01
  2.551900E+01  1.570143E-24  1.570600E-24  9.997087E-01
  2.584300E+01  1.529252E-24  1.529800E-24  9.996417E-01
  2.617100E+01  1.488988E-24  1.489500E-24  9.996564E-01
  2.650400E+01  1.450061E-24  1.450300E-24  9.998350E-01
  2.684100E+01  1.413027E-24  1.412900E-24  1.000090E+00
  2.718200E+01  1.375173E-24  1.375300E-24  9.999078E-01
  2.752700E+01  1.338576E-24  1.339100E-24  9.996085E-01
  2.787700E+01  1.302694E-24  1.303200E-24  9.996118E-01
  2.823100E+01  1.267594E-24  1.268300E-24  9.994431E-01
  2.858900E+01  1.234106E-24  1.234300E-24  9.998431E-01
  2.895300E+01  1.200976E-24  1.201300E-24  9.997305E-01
  2.932100E+01  1.168463E-24  1.169000E-24  9.995402E-01
  2.969300E+01  1.136946E-24  1.137400E-24  9.996008E-01
  3.007000E+01  1.106853E-24  1.107100E-24  9.997765E-01
  3.045200E+01  1.077147E-24  1.077200E-24  9.999508E-01
  3.083900E+01  1.047555E-24  1.047900E-24  9.996707E-01
  3.123100E+01  1.019190E-24  1.019500E-24  9.996962E-01
  3.162800E+01  9.913438E-25  9.918000E-25  9.995400E-01
  3.202900E+01  9.647385E-25  9.648400E-25  9.998948E-01
  3.243600E+01  9.379841E-25  9.381700E-25  9.998019E-01
  3.284800E+01  9.126056E-25  9.129400E-25  9.996337E-01
  3.326600E+01  8.882341E-25  8.884100E-25  9.998020E-01
  3.368800E+01  8.636704E-25  8.637900E-25  9.998616E-01
  3.411600E+01  8.400309E-25  8.401600E-25  9.998464E-01
  3.455000E+01  8.171972E-25  8.174600E-25  9.996786E-01
  3.498900E+01  7.949062E-25  7.949500E-25  9.999449E-01
  3.543300E+01  7.731625E-25  7.733700E-25  9.997316E-01
  3.588300E+01  7.521409E-25  7.524400E-25  9.996025E-01
  3.633900E+01  7.319883E-25  7.320400E-25  9.999294E-01
  3.680100E+01  7.117056E-25  7.118000E-25  9.998673E-01
  3.726800E+01  6.922112E-25  6.924800E-25  9.996119E-01
  3.774200E+01  6.733597E-25  6.735400E-25  9.997323E-01
  3.822100E+01  6.549478E-25  6.549700E-25  9.999662E-01
  3.870700E+01  6.369475E-25  6.371400E-25  9.996979E-01
  3.919900E+01  6.195197E-25  6.197700E-25  9.995961E-01
  3.969700E+01  6.027148E-25  6.028600E-25  9.997592E-01
  4.020100E+01  5.865086E-25  5.867100E-25  9.996567E-01
  4.071200E+01  5.702587E-25  5.703300E-25  9.998750E-01
  4.122900E+01  5.549675E-25  5.550400E-25  9.998693E-01
  4.175300E+01  5.400026E-25  5.400500E-25  9.999122E-01
  4.228300E+01  5.250348E-25  5.251400E-25  9.997998E-01
  4.282000E+01  5.106547E-25  5.107100E-25  9.998918E-01
  4.336400E+01  4.967649E-25  4.968800E-25  9.997683E-01
  4.391500E+01  4.833471E-25  4.834000E-25  9.998905E-01
  4.447300E+01  4.704495E-25  4.704300E-25  1.000041E+00
  4.503800E+01  4.575129E-25  4.574600E-25  1.000116E+00
  4.561000E+01  4.450402E-25  4.450700E-25  9.999331E-01
  4.619000E+01  4.330753E-25  4.331800E-25  9.997583E-01
  4.677700E+01  4.212431E-25  4.214700E-25  9.994616E-01
  4.737100E+01  4.099462E-25  4.101300E-25  9.995518E-01
  4.797300E+01  3.987769E-25  3.989200E-25  9.996412E-01
  4.858200E+01  3.879589E-25  3.880000E-25  9.998940E-01
  4.919900E+01  3.776696E-25  3.777500E-25  9.997872E-01
  4.982400E+01  3.673365E-25  3.674200E-25  9.997727E-01
  5.045700E+01  3.574602E-25  3.575100E-25  9.998608E-01
  5.109800E+01  3.478710E-25  3.479200E-25  9.998592E-01
  5.174700E+01  3.385173E-25  3.385700E-25  9.998445E-01
  5.240500E+01  3.293172E-25  3.294100E-25  9.997182E-01
  5.307100E+01  3.204933E-25  3.204900E-25  1.000010E+00
  5.374500E+01  3.118294E-25  3.119500E-25  9.996134E-01
  5.442800E+01  3.036186E-25  3.036400E-25  9.999295E-01
  5.511900E+01  2.953763E-25  2.954900E-25  9.996151E-01
  5.581900E+01  2.874908E-25  2.875600E-25  9.997593E-01
  5.652800E+01  2.797860E-25  2.798600E-25  9.997355E-01
  5.724700E+01  2.722734E-25  2.723700E-25  9.996453E-01
  5.797400E+01  2.649881E-25  2.650700E-25  9.996911E-01
  5.871000E+01  2.579342E-25  2.580200E-25  9.996675E-01
  5.945600E+01  2.511060E-25  2.511300E-25  9.999043E-01
  6.021200E+01  2.445028E-25  2.445200E-25  9.999296E-01
  6.097700E+01  2.379127E-25  2.379800E-25  9.997174E-01
  6.175100E+01  2.316125E-25  2.316900E-25  9.996655E-01
  6.253600E+01  2.253901E-25  2.254400E-25  9.997787E-01
  6.333000E+01  2.194828E-25  2.194700E-25  1.000058E+00
  6.413500E+01  2.136850E-25  2.137000E-25  9.999298E-01
  6.494900E+01  2.080563E-25  2.080800E-25  9.998863E-01
  6.577500E+01  2.025550E-25  2.026000E-25  9.997779E-01
  6.661000E+01  1.971530E-25  1.972200E-25  9.996600E-01
  6.745600E+01  1.920027E-25  1.920300E-25  9.998580E-01
  6.831300E+01  1.869388E-25  1.869800E-25  9.997798E-01
  6.918100E+01  1.820322E-25  1.820700E-25  9.997922E-01
  7.006000E+01  1.772077E-25  1.772600E-25  9.997049E-01
  7.095000E+01  1.725481E-25  1.725900E-25  9.997570E-01
  7.185200E+01  1.680615E-25  1.681100E-25  9.997117E-01
  7.276400E+01  1.636469E-25  1.636900E-25  9.997369E-01
  7.368900E+01  1.594018E-25  1.594400E-25  9.997602E-01
  7.462500E+01  1.552044E-25  1.552300E-25  9.998350E-01
  7.557300E+01  1.511435E-25  1.511600E-25  9.998909E-01
  7.653300E+01  1.472159E-25  1.472300E-25  9.999045E-01
  7.750500E+01  1.434189E-25  1.434600E-25  9.997136E-01
  7.849000E+01  1.396514E-25  1.397000E-25  9.996520E-01
  7.948700E+01  1.360316E-25  1.360600E-25  9.997909E-01
  8.049700E+01  1.325327E-25  1.325600E-25  9.997939E-01
  8.152000E+01  1.290584E-25  1.290900E-25  9.997555E-01
  8.255500E+01  1.257423E-25  1.257600E-25  9.998592E-01
  8.360400E+01  1.224802E-25  1.224900E-25  9.999201E-01
  8.466600E+01  1.193157E-25  1.193400E-25  9.997967E-01
  8.574200E+01  1.162345E-25  1.162600E-25  9.997806E-01
  8.683100E+01  1.132527E-25  1.132700E-25  9.998473E-01
  8.793400E+01  1.103312E-25  1.103400E-25  9.999203E-01
  8.905100E+01  1.074732E-25  1.075100E-25  9.996573E-01
  9.018300E+01  1.047749E-25  1.047900E-25  9.998556E-01
  9.132800E+01  1.020592E-25  1.020800E-25  9.997966E-01
  9.248900E+01  9.942527E-26  9.944600E-26  9.997915E-01
  9.366400E+01  9.689824E-26  9.692100E-26  9.997652E-01
  9.485400E+01  9.443074E-26  9.443800E-26  9.999232E-01
  9.605900E+01  9.203829E-26  9.204800E-26  9.998945E-01
  9.727900E+01  8.968175E-26  8.969400E-26  9.998635E-01
  9.851500E+01  8.740215E-26  8.740500E-26  9.999674E-01
  9.976600E+01  8.518109E-26  8.519300E-26  9.998603E-01
  1.010300E+02  8.309559E-26  8.304200E-26  1.000645E+00
  1.023200E+02  8.086733E-26  8.093700E-26  9.991392E-01
  1.036200E+02  7.884865E-26  7.888900E-26  9.994885E-01
  1.049300E+02  7.685802E-26  7.688600E-26  9.996361E-01
  1.062700E+02  7.492084E-26  7.494500E-26  9.996776E-01
  1.076200E+02  7.306865E-26  7.304000E-26  1.000392E+00
  1.089800E+02  7.124652E-26  7.121300E-26  1.000471E+00
  1.103700E+02  6.943430E-26  6.943300E-26  1.000019E+00
  1.117700E+02  6.765386E-26  6.767200E-26  9.997320E-01
  1.131900E+02  6.594727E-26  6.595800E-26  9.998374E-01
  1.146300E+02  6.430196E-26  6.432500E-26  9.996419E-01
  1.160800E+02  6.263965E-26  6.269900E-26  9.990533E-01
  1.175600E+02  6.114178E-26  6.115100E-26  9.998493E-01
  1.190500E+02  5.956187E-26  5.961600E-26  9.990920E-01
  1.205700E+02  5.809551E-26  5.813500E-26  9.993208E-01
  1.221000E+02  5.664535E-26  5.667500E-26  9.994769E-01
  1.236500E+02  5.523678E-26  5.528000E-26  9.992182E-01
  1.252200E+02  5.387759E-26  5.390000E-26  9.995842E-01
  1.268100E+02  5.253435E-26  5.256300E-26  9.994549E-01
  1.284200E+02  5.123578E-26  5.126500E-26  9.994300E-01
  1.300500E+02  4.997944E-26  5.000200E-26  9.995488E-01
  1.317000E+02  4.872467E-26  4.875100E-26  9.994600E-01
  1.333800E+02  4.756959E-26  4.754900E-26  1.000433E+00
  1.350700E+02  4.637922E-26  4.638500E-26  9.998755E-01
  1.367900E+02  4.525369E-26  4.524500E-26  1.000192E+00
  1.385300E+02  4.410114E-26  4.413700E-26  9.991875E-01
  1.402900E+02  4.301665E-26  4.305400E-26  9.991324E-01
  1.420700E+02  4.197708E-26  4.199900E-26  9.994781E-01
  1.438700E+02  4.095202E-26  4.097100E-26  9.995368E-01
  1.457000E+02  3.994581E-26  3.996800E-26  9.994448E-01
  1.475500E+02  3.897991E-26  3.899100E-26  9.997155E-01
  1.494300E+02  3.801916E-26  3.803700E-26  9.995311E-01
  1.513200E+02  3.712346E-26  3.711100E-26  1.000336E+00
  1.532500E+02  3.619492E-26  3.620400E-26  9.997492E-01
  1.551900E+02  3.533302E-26  3.532500E-26  1.000227E+00
  1.571700E+02  3.446475E-26  3.446500E-26  9.999927E-01
  1.591600E+02  3.363359E-26  3.363600E-26  9.999283E-01
  1.611800E+02  3.282273E-26  3.282700E-26  9.998700E-01
  1.632300E+02  3.203581E-26  3.202800E-26  1.000244E+00
  1.653100E+02  3.126241E-26  3.125600E-26  1.000205E+00
  1.674100E+02  3.049756E-26  3.049400E-26  1.000117E+00
  1.695300E+02  2.976602E-26  2.977400E-26  9.997321E-01
  1.716900E+02  2.904755E-26  2.905200E-26  9.998470E-01
  1.738700E+02  2.834638E-26  2.834900E-26  9.999075E-01
  1.760800E+02  2.766909E-26  2.767100E-26  9.999308E-01
  1.783100E+02  2.700849E-26  2.701700E-26  9.996848E-01
  1.805800E+02  2.636272E-26  2.636500E-26  9.999135E-01
  1.828700E+02  2.573996E-26  2.573800E-26  1.000076E+00
  1.852000E+02  2.512204E-26  2.512500E-26  9.998822E-01
  1.875500E+02  2.452138E-26  2.452100E-26  1.000015E+00
  1.899300E+02  2.395010E-26  2.394100E-26  1.000380E+00
  1.923400E+02  2.338198E-26  2.337300E-26  1.000384E+00
  1.947900E+02  2.281356E-26  2.281500E-26  9.999368E-01
  1.972600E+02  2.226531E-26  2.227900E-26  9.993855E-01
  1.997700E+02  2.174045E-26  2.175000E-26  9.995609E-01
  2.023100E+02  2.122266E-26  2.123200E-26  9.995601E-01
  2.048800E+02  2.073153E-26  2.073400E-26  9.998811E-01
  2.074800E+02  2.023672E-26  2.024600E-26  9.995414E-01
  2.101200E+02  1.976879E-26  1.977000E-26  9.999389E-01
  2.127800E+02  1.930829E-26  1.930700E-26  1.000067E+00
  2.154900E+02  1.885365E-26  1.885300E-26  1.000035E+00
  2.182300E+02  1.840473E-26  1.840500E-26  9.999855E-01
  2.210000E+02  1.797396E-26  1.797900E-26  9.997197E-01
  2.238100E+02  1.755485E-26  1.755500E-26  9.999915E-01
  2.266500E+02  1.715080E-26  1.714900E-26  1.000105E+00
  2.295300E+02  1.674620E-26  1.674900E-26  9.998331E-01
  2.324400E+02  1.635552E-26  1.636200E-26  9.996041E-01
  2.354000E+02  1.597112E-26  1.597800E-26  9.995691E-01
  2.383900E+02  1.560322E-26  1.560700E-26  9.997576E-01
  2.414200E+02  1.524673E-26  1.524600E-26  1.000048E+00
  2.444800E+02  1.489686E-26  1.489500E-26  1.000125E+00
  2.475900E+02  1.454800E-26  1.455100E-26  9.997940E-01
  2.507300E+02  1.421061E-26  1.421200E-26  9.999022E-01
  2.539200E+02  1.388391E-26  1.388700E-26  9.997776E-01
  2.571500E+02  1.355985E-26  1.356700E-26  9.994732E-01
  2.604100E+02  1.325043E-26  1.325400E-26  9.997310E-01
  2.637200E+02  1.294379E-26  1.294700E-26  9.997521E-01
  2.670700E+02  1.265015E-26  1.265200E-26  9.998536E-01
  2.704600E+02  1.235821E-26  1.236200E-26  9.996936E-01
  2.739000E+02  1.207868E-26  1.208000E-26  9.998904E-01
  2.773800E+02  1.180041E-26  1.180400E-26  9.996955E-01
  2.809000E+02  1.153318E-26  1.153700E-26  9.996687E-01
  2.844700E+02  1.127214E-26  1.127500E-26  9.997465E-01
  2.880900E+02  1.101381E-26  1.101600E-26  9.998014E-01
  2.917500E+02  1.075643E-26  1.076200E-26  9.994829E-01
  2.954500E+02  1.052041E-26  1.052400E-26  9.996589E-01
  2.992100E+02  1.027639E-26  1.028000E-26  9.996491E-01
  3.030100E+02  1.005031E-26  1.005200E-26  9.998321E-01
  3.068600E+02  9.822696E-27  9.824700E-27  9.997960E-01
  3.107600E+02  9.600293E-27  9.603200E-27  9.996973E-01
  3.147000E+02  9.383656E-27  9.386000E-27  9.997502E-01
  3.187000E+02  9.172421E-27  9.174500E-27  9.997734E-01
  3.227500E+02  8.965642E-27  8.966900E-27  9.998597E-01
  3.268500E+02  8.762906E-27  8.765900E-27  9.996585E-01
  3.310000E+02  8.571007E-27  8.574300E-27  9.996159E-01
  3.352100E+02  8.381023E-27  8.381300E-27  9.999670E-01
  3.394700E+02  8.189270E-27  8.192200E-27  9.996424E-01
  3.437800E+02  8.006961E-27  8.008600E-27  9.997954E-01
  3.481500E+02  7.832496E-27  7.834300E-27  9.997697E-01
  3.525700E+02  7.659552E-27  7.659800E-27  9.999676E-01
  3.570500E+02  7.486648E-27  7.488600E-27  9.997393E-01
  3.615800E+02  7.319651E-27  7.320500E-27  9.998840E-01
  3.661800E+02  7.157883E-27  7.158500E-27  9.999138E-01
  3.708300E+02  7.002033E-27  7.004400E-27  9.996620E-01
  3.755400E+02  6.844166E-27  6.846500E-27  9.996591E-01
  3.803100E+02  6.697002E-27  6.698200E-27  9.998211E-01
  3.851400E+02  6.544058E-27  6.545700E-27  9.997492E-01
  3.900400E+02  6.400639E-27  6.403500E-27  9.995532E-01
  3.949900E+02  6.262064E-27  6.263800E-27  9.997228E-01
  4.000100E+02  6.125642E-27  6.126900E-27  9.997947E-01
  4.050900E+02  5.991527E-27  5.992300E-27  9.998710E-01
  4.102400E+02  5.861475E-27  5.862400E-27  9.998422E-01
  4.154500E+02  5.733243E-27  5.733900E-27  9.998855E-01
  4.207300E+02  5.605366E-27  5.606600E-27  9.997799E-01
  4.260700E+02  5.487181E-27  5.487800E-27  9.998872E-01
  4.314900E+02  5.367241E-27  5.368900E-27  9.996909E-01
  4.369700E+02  5.246988E-27  5.249100E-27  9.995977E-01
  4.425200E+02  5.136864E-27  5.137300E-27  9.999152E-01
  4.481400E+02  5.025515E-27  5.025700E-27  9.999631E-01
  4.538300E+02  4.918265E-27  4.918400E-27  9.999726E-01
  4.596000E+02  4.811366E-27  4.811800E-27  9.999098E-01
  4.654400E+02  4.705629E-27  4.706900E-27  9.997299E-01
  4.713500E+02  4.606179E-27  4.607400E-27  9.997351E-01
  4.773400E+02  4.505072E-27  4.506800E-27  9.996165E-01
  4.834000E+02  4.410134E-27  4.410800E-27  9.998490E-01
  4.895400E+02  4.315000E-27  4.315700E-27  9.998378E-01
  4.957600E+02  4.224379E-27  4.224400E-27  9.999950E-01
  5.020600E+02  4.133848E-27  4.134400E-27  9.998665E-01
  5.084400E+02  4.044213E-27  4.044400E-27  9.999538E-01
  5.149000E+02  3.958742E-27  3.959000E-27  9.999350E-01
  5.214400E+02  3.874181E-27  3.875100E-27  9.997628E-01
  5.280700E+02  3.791582E-27  3.792100E-27  9.998634E-01
  5.347700E+02  3.712720E-27  3.713400E-27  9.998170E-01
  5.415700E+02  3.633003E-27  3.634400E-27  9.996155E-01
  5.484500E+02  3.556585E-27  3.557800E-27  9.996586E-01
  5.554200E+02  3.480406E-27  3.481400E-27  9.997144E-01
  5.624700E+02  3.406744E-27  3.408000E-27  9.996314E-01
  5.696200E+02  3.336828E-27  3.338400E-27  9.995291E-01
  5.768500E+02  3.265996E-27  3.266500E-27  9.998458E-01
  5.841800E+02  3.198120E-27  3.199000E-27  9.997248E-01
  5.916000E+02  3.130256E-27  3.131000E-27  9.997622E-01
  5.991200E+02  3.065430E-27  3.065700E-27  9.999119E-01
  6.067300E+02  3.002153E-27  3.002500E-27  9.998845E-01
  6.144400E+02  2.938653E-27  2.939300E-27  9.997799E-01
  6.222500E+02  2.876852E-27  2.877800E-27  9.996706E-01
  6.301500E+02  2.817753E-27  2.818000E-27  9.999125E-01
  6.381600E+02  2.759794E-27  2.760000E-27  9.999254E-01
  6.462600E+02  2.702111E-27  2.702300E-27  9.999301E-01
  6.544700E+02  2.646871E-27  2.647400E-27  9.998003E-01
  6.627900E+02  2.590587E-27  2.591100E-27  9.998022E-01
  6.712100E+02  2.537634E-27  2.538200E-27  9.997769E-01
  6.797400E+02  2.485443E-27  2.485800E-27  9.998565E-01
  6.883700E+02  2.434678E-27  2.435400E-27  9.997036E-01
  6.971200E+02  2.384033E-27  2.384800E-27  9.996784E-01
  7.059700E+02  2.335325E-27  2.335700E-27  9.998393E-01
  7.149400E+02  2.287187E-27  2.287800E-27  9.997319E-01
  7.240200E+02  2.240890E-27  2.241500E-27  9.997278E-01
  7.332200E+02  2.194926E-27  2.195400E-27  9.997841E-01
  7.425400E+02  2.151261E-27  2.151700E-27  9.997958E-01
  7.519700E+02  2.106041E-27  2.106500E-27  9.997820E-01
  7.615200E+02  2.064572E-27  2.064800E-27  9.998897E-01
  7.712000E+02  2.022961E-27  2.023400E-27  9.997832E-01
  7.810000E+02  1.980948E-27  1.981400E-27  9.997718E-01
  7.909200E+02  1.940507E-27  1.941000E-27  9.997460E-01
  8.009700E+02  1.901072E-27  1.901400E-27  9.998277E-01
  8.111400E+02  1.863380E-27  1.863800E-27  9.997747E-01
  8.214500E+02  1.826092E-27  1.826700E-27  9.996673E-01
  8.318800E+02  1.789049E-27  1.789400E-27  9.998036E-01
  8.424500E+02  1.753623E-27  1.754000E-27  9.997853E-01
  8.531500E+02  1.718475E-27  1.718900E-27  9.997530E-01
  8.639900E+02  1.683764E-27  1.684000E-27  9.998598E-01
  8.749700E+02  1.650461E-27  1.650800E-27  9.997948E-01
  8.860800E+02  1.617333E-27  1.617700E-27  9.997729E-01
  8.973400E+02  1.585060E-27  1.585400E-27  9.997858E-01
  9.087400E+02  1.553971E-27  1.554200E-27  9.998529E-01
  9.202900E+02  1.522755E-27  1.522900E-27  9.999050E-01
  9.319800E+02  1.492782E-27  1.492900E-27  9.999213E-01
  9.438200E+02  1.463380E-27  1.463700E-27  9.997817E-01
  9.558100E+02  1.434152E-27  1.434300E-27  9.998967E-01
  9.679500E+02  1.405852E-27  1.406200E-27  9.997528E-01
  9.802500E+02  1.378329E-27  1.378600E-27  9.998036E-01
  9.927000E+02  1.351011E-27  1.351300E-27  9.997861E-01
  1.005300E+03  1.325229E-27  1.325000E-27  1.000173E+00
  1.018100E+03  1.298644E-27  1.298900E-27  9.998029E-01
  1.031000E+03  1.272786E-27  1.273400E-27  9.995175E-01
  1.044100E+03  1.248338E-27  1.248700E-27  9.997101E-01
  1.057400E+03  1.223492E-27  1.224100E-27  9.995035E-01
  1.070800E+03  1.200862E-27  1.200400E-27  1.000385E+00
  1.084400E+03  1.177095E-27  1.177200E-27  9.999106E-01
  1.098200E+03  1.152956E-27  1.154000E-27  9.990950E-01
  1.112100E+03  1.131486E-27  1.131800E-27  9.997229E-01
  1.126300E+03  1.109730E-27  1.110000E-27  9.997571E-01
  1.140600E+03  1.088056E-27  1.088400E-27  9.996843E-01
  1.155100E+03  1.066934E-27  1.067600E-27  9.993766E-01
  1.169700E+03  1.046613E-27  1.046900E-27  9.997254E-01
  1.184600E+03  1.026067E-27  1.026700E-27  9.993831E-01
  1.199700E+03  1.006538E-27  1.007200E-27  9.993423E-01
  1.214900E+03  9.872050E-28  9.876400E-28  9.995595E-01
  1.230300E+03  9.684774E-28  9.689100E-28  9.995535E-01
  1.246000E+03  9.497568E-28  9.504900E-28  9.992286E-01
  1.261800E+03  9.320693E-28  9.320900E-28  9.999778E-01
  1.277800E+03  9.147242E-28  9.145000E-28  1.000245E+00
  1.294100E+03  8.966207E-28  8.971000E-28  9.994658E-01
  1.310500E+03  8.794920E-28  8.799400E-28  9.994909E-01
  1.327100E+03  8.635053E-28  8.635100E-28  9.999946E-01
  1.344000E+03  8.470131E-28  8.470000E-28  1.000015E+00
  1.361100E+03  8.310944E-28  8.309900E-28  1.000126E+00
  1.378400E+03  8.150573E-28  8.155400E-28  9.994081E-01
  1.395900E+03  7.993293E-28  7.999100E-28  9.992741E-01
  1.413600E+03  7.844317E-28  7.849900E-28  9.992888E-01
  1.431600E+03  7.701963E-28  7.703700E-28  9.997745E-01
  1.449800E+03  7.552480E-28  7.557100E-28  9.993886E-01
  1.468200E+03  7.414613E-28  7.417500E-28  9.996107E-01
  1.486800E+03  7.276418E-28  7.278800E-28  9.996727E-01
  1.505700E+03  7.142538E-28  7.142800E-28  9.999633E-01
  1.524800E+03  7.011000E-28  7.011000E-28  1.000000E+00
  1.544200E+03  6.879426E-28  6.879500E-28  9.999892E-01
  1.563800E+03  6.752884E-28  6.752300E-28  1.000086E+00
  1.583700E+03  6.628657E-28  6.629100E-28  9.999332E-01
  1.603800E+03  6.500888E-28  6.503500E-28  9.995984E-01
  1.624200E+03  6.385320E-28  6.385400E-28  9.999874E-01
  1.644800E+03  6.269311E-28  6.267800E-28  1.000241E+00
  1.665700E+03  6.151984E-28  6.151300E-28  1.000111E+00
  1.686900E+03  6.039232E-28  6.040100E-28  9.998562E-01
  1.708300E+03  5.927833E-28  5.928900E-28  9.998201E-01
  1.730000E+03  5.819492E-28  5.819800E-28  9.999472E-01
  1.752000E+03  5.714432E-28  5.714700E-28  9.999531E-01
  1.774300E+03  5.606855E-28  5.609000E-28  9.996176E-01
  1.796800E+03  5.507106E-28  5.507800E-28  9.998740E-01
  1.819600E+03  5.409456E-28  5.409000E-28  1.000084E+00
  1.842700E+03  5.308887E-28  5.308800E-28  1.000016E+00
  1.866200E+03  5.213203E-28  5.214200E-28  9.998087E-01
  1.889900E+03  5.120308E-28  5.120200E-28  1.000021E+00
  1.913900E+03  5.027591E-28  5.026800E-28  1.000157E+00
  1.938200E+03  4.937810E-28  4.937600E-28  1.000042E+00
  1.962800E+03  4.847068E-28  4.848200E-28  9.997664E-01
  1.987700E+03  4.759617E-28  4.761300E-28  9.996465E-01
  2.013000E+03  4.669783E-28  4.672300E-28  9.994613E-01
  2.038600E+03  4.583855E-28  4.584300E-28  9.999029E-01
  2.064500E+03  4.495718E-28  4.498300E-28  9.994260E-01
  2.090700E+03  4.410049E-28  4.412000E-28  9.995578E-01
  2.117300E+03  4.329146E-28  4.329000E-28  1.000034E+00
  2.144200E+03  4.246896E-28  4.247500E-28  9.998579E-01
  2.171400E+03  4.165593E-28  4.166000E-28  9.999024E-01
  2.199000E+03  4.087105E-28  4.087700E-28  9.998546E-01
  2.226900E+03  4.009279E-28  4.009600E-28  9.999198E-01
  2.255200E+03  3.933525E-28  3.933300E-28  1.000057E+00
  2.283900E+03  3.859594E-28  3.859700E-28  9.999726E-01
  2.312900E+03  3.783691E-28  3.785500E-28  9.995222E-01
  2.342300E+03  3.712754E-28  3.714000E-28  9.996644E-01
  2.372000E+03  3.642116E-28  3.644000E-28  9.994829E-01
  2.402200E+03  3.573806E-28  3.573900E-28  9.999738E-01
  2.432700E+03  3.506868E-28  3.506900E-28  9.999908E-01
  2.463600E+03  3.440256E-28  3.440500E-28  9.999290E-01
  2.494900E+03  3.373526E-28  3.374500E-28  9.997114E-01
  2.526600E+03  3.310297E-28  3.310800E-28  9.998479E-01
  2.558700E+03  3.246474E-28  3.247500E-28  9.996839E-01
  2.591200E+03  3.184615E-28  3.185900E-28  9.995965E-01
  2.624100E+03  3.125257E-28  3.126100E-28  9.997305E-01
  2.657400E+03  3.065473E-28  3.065800E-28  9.998932E-01
  2.691200E+03  3.007474E-28  3.007800E-28  9.998916E-01
  2.725400E+03  2.951104E-28  2.951400E-28  9.998996E-01
  2.760000E+03  2.893847E-28  2.894600E-28  9.997400E-01
  2.795100E+03  2.839245E-28  2.840200E-28  9.996637E-01
  2.830600E+03  2.785811E-28  2.786800E-28  9.996452E-01
  2.866500E+03  2.733083E-28  2.733500E-28  9.998473E-01
  2.902900E+03  2.680562E-28  2.681400E-28  9.996875E-01
  2.939800E+03  2.630407E-28  2.631100E-28  9.997367E-01
  2.977200E+03  2.579593E-28  2.580600E-28  9.996097E-01
  3.015000E+03  2.531265E-28  2.531700E-28  9.998282E-01
  3.053300E+03  2.483509E-28  2.484000E-28  9.998023E-01
  3.092100E+03  2.436306E-28  2.437100E-28  9.996742E-01
  3.131400E+03  2.389527E-28  2.390100E-28  9.997604E-01
  3.171200E+03  2.344841E-28  2.345300E-28  9.998044E-01
  3.211400E+03  2.300583E-28  2.300800E-28  9.999057E-01
  3.252200E+03  2.256032E-28  2.256600E-28  9.997483E-01
  3.293600E+03  2.213200E-28  2.214000E-28  9.996389E-01
  3.335400E+03  2.172112E-28  2.172400E-28  9.998675E-01
  3.377800E+03  2.130252E-28  2.130800E-28  9.997430E-01
  3.420700E+03  2.089754E-28  2.090100E-28  9.998343E-01
  3.464100E+03  2.050106E-28  2.050700E-28  9.997105E-01
  3.508200E+03  2.011370E-28  2.011300E-28  1.000035E+00
  3.552700E+03  1.972920E-28  1.973400E-28  9.997568E-01
  3.597900E+03  1.935754E-28  1.936400E-28  9.996664E-01
  3.643600E+03  1.899218E-28  1.899400E-28  9.999044E-01
  3.689900E+03  1.862609E-28  1.863000E-28  9.997899E-01
  3.736700E+03  1.827305E-28  1.827900E-28  9.996747E-01
  3.784200E+03  1.793020E-28  1.793400E-28  9.997879E-01
  3.832300E+03  1.758844E-28  1.759100E-28  9.998543E-01
  3.881000E+03  1.725049E-28  1.725600E-28  9.996809E-01
  3.930300E+03  1.693050E-28  1.693100E-28  9.999707E-01
  3.980200E+03  1.660818E-28  1.661300E-28  9.997101E-01
  4.030800E+03  1.628606E-28  1.629100E-28  9.996967E-01
  4.082000E+03  1.598112E-28  1.598400E-28  9.998199E-01
  4.133800E+03  1.567994E-28  1.568200E-28  9.998690E-01
  4.186300E+03  1.538382E-28  1.538500E-28  9.999234E-01
  4.239500E+03  1.508749E-28  1.509000E-28  9.998336E-01
  4.293400E+03  1.480117E-28  1.480500E-28  9.997415E-01
  4.347900E+03  1.452221E-28  1.452600E-28  9.997388E-01
  4.403200E+03  1.424374E-28  1.424600E-28  9.998417E-01
  4.459100E+03  1.397579E-28  1.397700E-28  9.999134E-01
  4.515800E+03  1.371149E-28  1.371300E-28  9.998896E-01
  4.573100E+03  1.345385E-28  1.345600E-28  9.998404E-01
  4.631200E+03  1.319023E-28  1.319300E-28  9.997900E-01
  4.690100E+03  1.294128E-28  1.294500E-28  9.997125E-01
  4.749600E+03  1.269932E-28  1.270100E-28  9.998679E-01
  4.810000E+03  1.245653E-28  1.245900E-28  9.998015E-01
  4.871100E+03  1.221971E-28  1.222100E-28  9.998944E-01
  4.933000E+03  1.198734E-28  1.199100E-28  9.996946E-01
  4.995600E+03  1.176129E-28  1.176400E-28  9.997696E-01
  5.059100E+03  1.153943E-28  1.154200E-28  9.997776E-01
  5.123400E+03  1.131798E-28  1.131900E-28  9.999099E-01
  5.188500E+03  1.110223E-28  1.110500E-28  9.997510E-01
  5.254400E+03  1.089279E-28  1.089500E-28  9.997975E-01
  5.321100E+03  1.068844E-28  1.069000E-28  9.998542E-01
  5.388700E+03  1.048004E-28  1.048300E-28  9.997173E-01
  5.457200E+03  1.028330E-28  1.028700E-28  9.996404E-01
  5.526500E+03  1.008945E-28  1.009200E-28  9.997474E-01
  5.596700E+03  9.898214E-29  9.900800E-29  9.997388E-01
  5.667800E+03  9.707196E-29  9.710200E-29  9.996907E-01
  5.739800E+03  9.523367E-29  9.526800E-29  9.996396E-01
  5.812800E+03  9.343885E-29  9.347000E-29  9.996668E-01
  5.886600E+03  9.166310E-29  9.169400E-29  9.996630E-01
  5.961400E+03  8.991484E-29  8.992500E-29  9.998871E-01
  6.037100E+03  8.821850E-29  8.823600E-29  9.998016E-01
  6.113800E+03  8.655397E-29  8.657600E-29  9.997455E-01
  6.191500E+03  8.491919E-29  8.494300E-29  9.997197E-01
  6.270200E+03  8.329725E-29  8.331600E-29  9.997750E-01
  6.349800E+03  8.170672E-29  8.171300E-29  9.999231E-01
  6.430500E+03  8.015984E-29  8.017700E-29  9.997860E-01
  6.512200E+03  7.863377E-29  7.866000E-29  9.996666E-01
  6.594900E+03  7.715823E-29  7.717900E-29  9.997309E-01
  6.678700E+03  7.565666E-29  7.568900E-29  9.995728E-01
  6.763500E+03  7.424341E-29  7.426100E-29  9.997631E-01
  6.849500E+03  7.283843E-29  7.286000E-29  9.997039E-01
  6.936500E+03  7.146555E-29  7.148100E-29  9.997838E-01
  7.024600E+03  7.010255E-29  7.011300E-29  9.998509E-01
  7.113800E+03  6.875222E-29  6.876300E-29  9.998432E-01
  7.204200E+03  6.744483E-29  6.746700E-29  9.996713E-01
  7.295700E+03  6.616928E-29  6.619200E-29  9.996567E-01
  7.388400E+03  6.492652E-29  6.494700E-29  9.996847E-01
  7.482300E+03  6.367938E-29  6.369500E-29  9.997547E-01
  7.577400E+03  6.247243E-29  6.248600E-29  9.997829E-01
  7.673600E+03  6.129501E-29  6.130500E-29  9.998371E-01
  7.771100E+03  6.012322E-29  6.014200E-29  9.996878E-01
  7.869800E+03  5.898860E-29  5.900300E-29  9.997560E-01
  7.969800E+03  5.786959E-29  5.788500E-29  9.997339E-01
  8.071100E+03  5.674779E-29  5.676500E-29  9.996968E-01
  8.173600E+03  5.568520E-29  5.569900E-29  9.997523E-01
  8.277400E+03  5.464630E-29  5.465100E-29  9.999140E-01
  8.382600E+03  5.361311E-29  5.362000E-29  9.998715E-01
  8.489100E+03  5.256943E-29  5.258400E-29  9.997228E-01
  8.596900E+03  5.157125E-29  5.158100E-29  9.998110E-01
  8.706100E+03  5.059354E-29  5.060300E-29  9.998131E-01
  8.816800E+03  4.963982E-29  4.965700E-29  9.996540E-01
  8.928800E+03  4.870150E-29  4.871300E-29  9.997638E-01
  9.042200E+03  4.778251E-29  4.779300E-29  9.997805E-01
  9.157100E+03  4.686045E-29  4.687000E-29  9.997962E-01
  9.273400E+03  4.596885E-29  4.597700E-29  9.998228E-01
  9.391200E+03  4.510135E-29  4.511000E-29  9.998081E-01
  9.510500E+03  4.424990E-29  4.425700E-29  9.998396E-01
  9.631300E+03  4.342139E-29  4.343000E-29  9.998018E-01
  9.753700E+03  4.257852E-29  4.258900E-29  9.997540E-01
  9.877600E+03  4.176707E-29  4.177500E-29  9.998101E-01
  1.000300E+04  4.098069E-29  4.099300E-29  9.996997E-01
  1.013000E+04  4.022636E-29  4.021100E-29  1.000382E+00
  1.025900E+04  3.943468E-29  3.945700E-29  9.994344E-01
  1.038900E+04  3.869633E-29  3.870800E-29  9.996984E-01
  1.052100E+04  3.794141E-29  3.795800E-29  9.995629E-01
  1.065500E+04  3.723818E-29  3.724000E-29  9.999510E-01
  1.079000E+04  3.655041E-29  3.654100E-29  1.000257E+00
  1.092700E+04  3.582813E-29  3.584900E-29  9.994180E-01
  1.106600E+04  3.515051E-29  3.516800E-29  9.995026E-01
  1.120700E+04  3.447913E-29  3.449100E-29  9.996559E-01
  1.134900E+04  3.382787E-29  3.383200E-29  9.998781E-01
  1.149300E+04  3.318544E-29  3.319700E-29  9.996516E-01
  1.163900E+04  3.254037E-29  3.256300E-29  9.993050E-01
  1.178700E+04  3.193706E-29  3.195000E-29  9.995950E-01
  1.193700E+04  3.131385E-29  3.134200E-29  9.991019E-01
  1.208900E+04  3.072287E-29  3.073900E-29  9.994754E-01
  1.224200E+04  3.014464E-29  3.015700E-29  9.995902E-01
  1.239800E+04  2.956499E-29  2.958500E-29  9.993235E-01
  1.255500E+04  2.902291E-29  2.903100E-29  9.997214E-01
  1.271500E+04  2.848825E-29  2.848200E-29  1.000220E+00
  1.287600E+04  2.790678E-29  2.792200E-29  9.994551E-01
  1.304000E+04  2.738890E-29  2.739900E-29  9.996314E-01
  1.320500E+04  2.687354E-29  2.688400E-29  9.996110E-01
  1.337300E+04  2.637530E-29  2.637000E-29  1.000201E+00
  1.354300E+04  2.587369E-29  2.587400E-29  9.999880E-01
  1.371500E+04  2.538214E-29  2.538600E-29  9.998481E-01
  1.388900E+04  2.488434E-29  2.489900E-29  9.994114E-01
  1.406600E+04  2.440391E-29  2.442000E-29  9.993413E-01
  1.424500E+04  2.394908E-29  2.395700E-29  9.996694E-01
  1.442500E+04  2.349892E-29  2.351000E-29  9.995288E-01
  1.460900E+04  2.305218E-29  2.306300E-29  9.995310E-01
  1.479400E+04  2.261777E-29  2.262300E-29  9.997689E-01
  1.498200E+04  2.218043E-29  2.218800E-29  9.996588E-01
  1.517300E+04  2.177134E-29  2.177000E-29  1.000061E+00
  1.536500E+04  2.134887E-29  2.135400E-29  9.997598E-01
  1.556100E+04  2.095216E-29  2.095300E-29  9.999598E-01
  1.575800E+04  2.055886E-29  2.055800E-29  1.000042E+00
  1.595800E+04  2.016648E-29  2.017000E-29  9.998254E-01
  1.616100E+04  1.977984E-29  1.978100E-29  9.999412E-01
  1.636700E+04  1.940413E-29  1.940300E-29  1.000058E+00
  1.657400E+04  1.903768E-29  1.903400E-29  1.000193E+00
  1.678500E+04  1.867965E-29  1.868000E-29  9.999810E-01
  1.699800E+04  1.831711E-29  1.832300E-29  9.996785E-01
  1.721400E+04  1.797226E-29  1.797500E-29  9.998475E-01
  1.743300E+04  1.763521E-29  1.763600E-29  9.999553E-01
  1.765400E+04  1.729255E-29  1.729600E-29  9.998005E-01
  1.787900E+04  1.696250E-29  1.696700E-29  9.997348E-01
  1.810600E+04  1.664864E-29  1.664800E-29  1.000039E+00
  1.833600E+04  1.633458E-29  1.633500E-29  9.999741E-01
  1.856900E+04  1.602395E-29  1.602700E-29  9.998098E-01
  1.880500E+04  1.571698E-29  1.571600E-29  1.000062E+00
  1.904400E+04  1.541908E-29  1.541700E-29  1.000135E+00
  1.928500E+04  1.512773E-29  1.512500E-29  1.000180E+00
  1.953000E+04  1.483597E-29  1.483700E-29  9.999305E-01
  1.977900E+04  1.454796E-29  1.455600E-29  9.994475E-01
  2.003000E+04  1.427459E-29  1.428000E-29  9.996208E-01
  2.028400E+04  1.400133E-29  1.400500E-29  9.997380E-01
  2.054200E+04  1.373581E-29  1.374000E-29  9.996954E-01
  2.080300E+04  1.347368E-29  1.348000E-29  9.995315E-01
  2.106700E+04  1.322775E-29  1.322700E-29  1.000057E+00
  2.133500E+04  1.297690E-29  1.297900E-29  9.998383E-01
  2.160600E+04  1.272810E-29  1.272800E-29  1.000008E+00
  2.188000E+04  1.248137E-29  1.248200E-29  9.999493E-01
  2.215800E+04  1.224371E-29  1.224700E-29  9.997314E-01
  2.244000E+04  1.202010E-29  1.202100E-29  9.999250E-01
  2.272500E+04  1.179081E-29  1.179100E-29  9.999843E-01
  2.301400E+04  1.155925E-29  1.156200E-29  9.997624E-01
  2.330600E+04  1.134078E-29  1.134500E-29  9.996280E-01
  2.360200E+04  1.112708E-29  1.113100E-29  9.996475E-01
  2.390200E+04  1.091615E-29  1.091800E-29  9.998305E-01
  2.420600E+04  1.070801E-29  1.070900E-29  9.999075E-01
  2.451300E+04  1.050810E-29  1.050800E-29  1.000009E+00
  2.482500E+04  1.030298E-29  1.030700E-29  9.996097E-01
  2.514000E+04  1.011238E-29  1.011400E-29  9.998395E-01
  2.545900E+04  9.920883E-30  9.923500E-30  9.997363E-01
  2.578300E+04  9.729396E-30  9.732800E-30  9.996502E-01
  2.611000E+04  9.546628E-30  9.549700E-30  9.996783E-01
  2.644200E+04  9.365706E-30  9.367200E-30  9.998405E-01
  2.677800E+04  9.188055E-30  9.187500E-30  1.000060E+00
  2.711800E+04  9.014220E-30  9.013600E-30  1.000069E+00
  2.746300E+04  8.840647E-30  8.842800E-30  9.997565E-01
  2.781200E+04  8.671971E-30  8.674800E-30  9.996739E-01
  2.816500E+04  8.511044E-30  8.514400E-30  9.996059E-01
  2.852300E+04  8.346009E-30  8.347600E-30  9.998094E-01
  2.888500E+04  8.190611E-30  8.192800E-30  9.997329E-01
  2.925200E+04  8.033034E-30  8.036100E-30  9.996185E-01
  2.962400E+04  7.883094E-30  7.885200E-30  9.997330E-01
  3.000000E+04  7.707573E-30  7.709400E-30  9.997630E-01
